Instance 	 ip_model 	 	 lr_model 	 	 greedy 	 	 UB 	 
 	 objval 	 time 	 objval 	 time 	 objval 	 time 	 objval 	 time 
1 	 340661.00 	 1.83 	 340661.00 	 0.61 	 340661 	 0.64	 386288 	 0.00 	 0.00 	 0.00 
2 	 373171.00 	 2.23 	 373171.00 	 0.59 	 373171 	 0.66	 427102 	 0.00 	 0.00 	 0.00 
3 	 323904.00 	 2.10 	 323904.00 	 0.64 	 323904 	 0.67	 375809 	 0.00 	 0.00 	 0.00 
4 	 361024.00 	 1.83 	 361024.00 	 0.59 	 361024 	 0.66	 430044 	 0.00 	 0.00 	 0.00 
5 	 348951.00 	 1.98 	 348951.00 	 0.62 	 348951 	 0.65	 396111 	 0.00 	 0.00 	 0.00 
6 	 365352.00 	 1.77 	 365352.00 	 0.61 	 365352 	 0.65	 421880 	 0.00 	 0.00 	 0.00 
7 	 328242.00 	 1.93 	 328242.00 	 0.65 	 328242 	 0.65	 383833 	 0.00 	 0.00 	 0.00 
8 	 353225.00 	 2.55 	 353225.00 	 0.64 	 353225 	 0.68	 403329 	 0.00 	 0.00 	 0.00 
9 	 331153.00 	 1.70 	 331153.00 	 0.61 	 331154 	 0.65	 374866 	 0.00 	 1.00 	 0.00 
10 	 299209.00 	 2.01 	 299209.00 	 0.63 	 299209 	 0.65	 357390 	 0.00 	 0.00 	 0.00 
11 	 333313.00 	 1.98 	 333313.00 	 0.45 	 333313 	 0.64	 380311 	 0.00 	 0.00 	 0.00 
12 	 340534.00 	 2.10 	 340534.00 	 0.52 	 340534 	 0.67	 399938 	 0.00 	 0.00 	 0.00 
13 	 338221.00 	 2.50 	 338221.00 	 0.54 	 338221 	 0.63	 399264 	 0.00 	 0.00 	 0.00 
14 	 346032.00 	 2.26 	 346032.00 	 0.62 	 346032 	 0.66	 395256 	 0.00 	 0.00 	 0.00 
15 	 345316.00 	 1.90 	 345316.00 	 0.66 	 345316 	 0.66	 398449 	 0.00 	 0.00 	 0.00 
16 	 326678.00 	 2.15 	 326678.00 	 0.66 	 326678 	 0.65	 382708 	 0.00 	 0.00 	 0.00 
17 	 344071.00 	 2.09 	 344071.00 	 0.65 	 344071 	 0.69	 399287 	 0.00 	 0.00 	 0.00 
18 	 346379.00 	 1.87 	 346379.00 	 0.60 	 346379 	 0.68	 396425 	 0.00 	 0.00 	 0.00 
19 	 343192.00 	 1.80 	 343192.00 	 0.67 	 343192 	 0.66	 393301 	 0.00 	 0.00 	 0.00 
20 	 306340.00 	 1.99 	 306340.00 	 0.56 	 306340 	 0.66	 366616 	 0.00 	 0.00 	 0.00 
21 	 354509.00 	 1.70 	 354509.00 	 0.54 	 354509 	 0.62	 403808 	 0.00 	 0.00 	 0.00 
22 	 358577.00 	 1.69 	 358577.00 	 0.52 	 358577 	 0.63	 414620 	 0.00 	 0.00 	 0.00 
23 	 365871.00 	 1.98 	 365871.00 	 0.46 	 365871 	 0.65	 408406 	 0.00 	 0.00 	 0.00 
24 	 338649.00 	 2.13 	 338649.00 	 0.52 	 338649 	 0.64	 378623 	 0.00 	 0.00 	 0.00 
25 	 307239.00 	 1.70 	 307239.00 	 0.60 	 307239 	 0.63	 355814 	 0.00 	 0.00 	 0.00 
26 	 347399.00 	 1.80 	 347399.00 	 0.50 	 347399 	 0.62	 401373 	 0.00 	 0.00 	 0.00 
27 	 369387.00 	 1.71 	 369387.00 	 0.51 	 369387 	 0.66	 427317 	 0.00 	 0.00 	 0.00 
28 	 382961.00 	 2.08 	 382961.00 	 0.55 	 382961 	 0.69	 433026 	 0.00 	 0.00 	 0.00 
29 	 349838.00 	 1.69 	 349838.00 	 0.49 	 349838 	 0.66	 393287 	 0.00 	 0.00 	 0.00 
30 	 330115.00 	 1.73 	 330115.00 	 0.62 	 330115 	 0.65	 380284 	 0.00 	 0.00 	 0.00 
31 	 356233.00 	 2.24 	 356233.00 	 0.50 	 356233 	 0.66	 399840 	 0.00 	 0.00 	 0.00 
32 	 368045.00 	 1.70 	 368045.00 	 0.59 	 368045 	 0.66	 423480 	 0.00 	 0.00 	 0.00 
33 	 356792.00 	 2.11 	 356792.00 	 0.48 	 356792 	 0.64	 400892 	 0.00 	 0.00 	 0.00 
34 	 298069.00 	 1.73 	 298069.00 	 0.52 	 298069 	 0.64	 360906 	 0.00 	 0.00 	 0.00 
35 	 315041.00 	 1.66 	 315041.00 	 0.45 	 315041 	 0.63	 367690 	 0.00 	 0.00 	 0.00 
36 	 339928.00 	 1.69 	 339928.00 	 0.56 	 339928 	 0.63	 401460 	 0.00 	 0.00 	 0.00 
37 	 326147.00 	 1.87 	 326147.00 	 0.46 	 326147 	 0.63	 375899 	 0.00 	 0.00 	 0.00 
38 	 357258.00 	 2.15 	 357258.00 	 0.52 	 357258 	 0.62	 409255 	 0.00 	 0.00 	 0.00 
39 	 335382.00 	 1.70 	 335382.00 	 0.49 	 335382 	 0.64	 383967 	 0.00 	 0.00 	 0.00 
40 	 352015.00 	 1.74 	 352015.00 	 0.49 	 352015 	 0.76	 400194 	 0.00 	 0.00 	 0.00 
41 	 362377.00 	 1.80 	 362377.00 	 0.48 	 362377 	 0.65	 411355 	 0.00 	 0.00 	 0.00 
42 	 364429.00 	 2.48 	 364429.00 	 0.51 	 364429 	 0.64	 403292 	 0.00 	 0.00 	 0.00 
43 	 352642.00 	 1.78 	 352642.00 	 0.55 	 352642 	 0.66	 399884 	 0.00 	 0.00 	 0.00 
44 	 382154.00 	 1.65 	 382154.00 	 0.52 	 382154 	 0.63	 428224 	 0.00 	 0.00 	 0.00 
45 	 336174.00 	 1.79 	 336174.00 	 0.48 	 336174 	 0.63	 392061 	 0.00 	 0.00 	 0.00 
46 	 345534.00 	 1.55 	 345534.00 	 0.51 	 345534 	 0.63	 389420 	 0.00 	 0.00 	 0.00 
47 	 367200.00 	 1.86 	 367200.00 	 0.46 	 367200 	 0.63	 420683 	 0.00 	 0.00 	 0.00 
48 	 313548.00 	 1.65 	 313548.00 	 0.48 	 313548 	 0.62	 360000 	 0.00 	 0.00 	 0.00 
49 	 376732.00 	 1.95 	 376732.00 	 0.53 	 376732 	 0.65	 432805 	 0.00 	 0.00 	 0.00 
50 	 334370.00 	 1.84 	 334370.00 	 0.49 	 334370 	 0.64	 384622 	 0.00 	 0.00 	 0.00 
51 	 350987.00 	 1.64 	 350987.00 	 0.53 	 350987 	 0.63	 398824 	 0.00 	 0.00 	 0.00 
52 	 308367.00 	 2.31 	 308367.00 	 0.45 	 308367 	 0.64	 355791 	 0.00 	 0.00 	 0.00 
53 	 325213.00 	 1.72 	 325213.00 	 0.48 	 325213 	 0.63	 378449 	 0.00 	 0.00 	 0.00 
54 	 333673.00 	 1.77 	 333673.00 	 0.61 	 333673 	 0.69	 375324 	 0.00 	 0.00 	 0.00 
55 	 300188.00 	 2.07 	 300188.00 	 0.58 	 300188 	 0.69	 354339 	 0.00 	 0.00 	 0.00 
56 	 354330.00 	 1.92 	 354330.00 	 0.59 	 354330 	 0.65	 400936 	 0.00 	 0.00 	 0.00 
57 	 285764.00 	 1.92 	 285764.00 	 0.52 	 285764 	 0.64	 340059 	 0.00 	 0.00 	 0.00 
58 	 319655.00 	 1.56 	 319655.00 	 0.59 	 319655 	 0.62	 362214 	 0.00 	 0.00 	 0.00 
59 	 349334.00 	 1.64 	 349334.00 	 0.47 	 349334 	 0.62	 396757 	 0.00 	 0.00 	 0.00 
60 	 348558.00 	 1.94 	 348558.00 	 0.50 	 348558 	 0.63	 398659 	 0.00 	 0.00 	 0.00 
61 	 377775.00 	 1.86 	 377775.00 	 0.45 	 377775 	 0.63	 431572 	 0.00 	 0.00 	 0.00 
62 	 362975.00 	 1.62 	 362975.00 	 0.45 	 362975 	 0.62	 405666 	 0.00 	 0.00 	 0.00 
63 	 320122.00 	 1.69 	 320122.00 	 0.43 	 320122 	 0.62	 361096 	 0.00 	 0.00 	 0.00 
64 	 358555.00 	 1.74 	 358555.00 	 0.51 	 358555 	 0.63	 399865 	 0.00 	 0.00 	 0.00 
65 	 347429.00 	 1.61 	 347429.00 	 0.47 	 347429 	 0.64	 394295 	 0.00 	 0.00 	 0.00 
66 	 348703.00 	 2.06 	 348703.00 	 0.47 	 348703 	 0.64	 402425 	 0.00 	 0.00 	 0.00 
67 	 328980.00 	 1.52 	 328980.00 	 0.43 	 328980 	 0.62	 369298 	 0.00 	 0.00 	 0.00 
68 	 371548.00 	 2.79 	 371547.00 	 0.42 	 371549 	 0.63	 417658 	 0.00 	 1.00 	 1.00 
69 	 386289.00 	 1.61 	 386289.00 	 0.47 	 386289 	 0.62	 435615 	 0.00 	 0.00 	 0.00 
70 	 338773.00 	 1.84 	 338773.00 	 0.42 	 338773 	 0.54	 397733 	 0.00 	 0.00 	 0.00 
71 	 330752.00 	 1.79 	 330752.00 	 0.42 	 330752 	 0.55	 381311 	 0.00 	 0.00 	 0.00 
72 	 281079.00 	 1.52 	 281079.00 	 0.46 	 281079 	 0.54	 326532 	 0.00 	 0.00 	 0.00 
73 	 330524.00 	 1.83 	 330524.00 	 0.50 	 330524 	 0.66	 377148 	 0.00 	 0.00 	 0.00 
74 	 357501.00 	 2.00 	 357501.00 	 0.57 	 357501 	 0.64	 400713 	 0.00 	 0.00 	 0.00 
75 	 342718.00 	 1.75 	 342718.00 	 0.55 	 342718 	 0.64	 385314 	 0.00 	 0.00 	 0.00 
76 	 373751.00 	 1.74 	 373751.00 	 0.64 	 373751 	 0.67	 412498 	 0.00 	 0.00 	 0.00 
77 	 343950.00 	 1.55 	 343950.00 	 0.60 	 343950 	 0.66	 397105 	 0.00 	 0.00 	 0.00 
78 	 353120.00 	 2.00 	 353120.00 	 0.52 	 353120 	 0.64	 403266 	 0.00 	 0.00 	 0.00 
79 	 328999.00 	 2.99 	 328999.00 	 0.55 	 328999 	 0.65	 376713 	 0.00 	 0.00 	 0.00 
80 	 333912.00 	 2.22 	 333912.00 	 0.64 	 333912 	 0.65	 373030 	 0.00 	 0.00 	 0.00 
81 	 298868.00 	 2.11 	 298868.00 	 0.62 	 298868 	 0.74	 345071 	 0.00 	 0.00 	 0.00 
82 	 311635.00 	 1.67 	 311635.00 	 0.59 	 311635 	 0.66	 358290 	 0.00 	 0.00 	 0.00 
83 	 319288.00 	 2.18 	 319288.00 	 0.61 	 319288 	 0.65	 381051 	 0.00 	 0.00 	 0.00 
84 	 305282.00 	 1.61 	 305282.00 	 0.57 	 305282 	 0.64	 348150 	 0.00 	 0.00 	 0.00 
85 	 339308.00 	 1.79 	 339308.00 	 0.52 	 339308 	 0.64	 379229 	 0.00 	 0.00 	 0.00 
86 	 366080.00 	 1.78 	 366080.00 	 0.52 	 366080 	 0.64	 407393 	 0.00 	 0.00 	 0.00 
87 	 365582.00 	 1.93 	 365582.00 	 0.60 	 365582 	 0.64	 409844 	 0.00 	 0.00 	 0.00 
88 	 345807.00 	 1.83 	 345807.00 	 0.54 	 345807 	 0.65	 399907 	 0.00 	 0.00 	 0.00 
89 	 352985.00 	 3.17 	 352983.50 	 0.60 	 352985 	 0.66	 392013 	 0.00 	 0.00 	 1.50 
90 	 347272.00 	 1.76 	 347272.00 	 0.59 	 347273 	 0.65	 388310 	 0.00 	 1.00 	 0.00 
91 	 326580.00 	 2.02 	 326580.00 	 0.63 	 326580 	 0.63	 382177 	 0.00 	 0.00 	 0.00 
92 	 339352.00 	 2.48 	 339352.00 	 0.74 	 339352 	 0.65	 384200 	 0.00 	 0.00 	 0.00 
93 	 340130.00 	 1.94 	 340130.00 	 0.66 	 340130 	 0.62	 389878 	 0.00 	 0.00 	 0.00 
94 	 306013.00 	 1.88 	 306013.00 	 0.50 	 306013 	 0.64	 350858 	 0.00 	 0.00 	 0.00 
95 	 346028.00 	 2.22 	 346028.00 	 0.53 	 346028 	 0.66	 409560 	 0.00 	 0.00 	 0.00 
96 	 313423.00 	 1.89 	 313423.00 	 0.65 	 313423 	 0.66	 363688 	 0.00 	 0.00 	 0.00 
97 	 369616.00 	 2.21 	 369616.00 	 0.66 	 369616 	 0.70	 416685 	 0.00 	 0.00 	 0.00 
98 	 349087.00 	 2.20 	 349087.00 	 0.61 	 349087 	 0.65	 409197 	 0.00 	 0.00 	 0.00 
99 	 338747.00 	 1.90 	 338747.00 	 0.62 	 338747 	 0.68	 375263 	 0.00 	 0.00 	 0.00 
100 	 345771.00 	 2.04 	 345771.00 	 0.58 	 345771 	 0.71	 390869 	 0.00 	 0.00 	 0.00 
