Instance 	 ip_model 	 	 lr_model 	 	 greedy 	 	 UB 	 
 	 objval 	 time 	 objval 	 time 	 objval 	 time 	 objval 	 time 
1 	 342081.00 	 1.75 	 342081.00 	 0.45 	 342081 	 1.12	 386288 	 0.00 	 0.00 	 0.00 
2 	 374469.00 	 1.60 	 374469.00 	 0.42 	 374469 	 1.21	 427102 	 0.00 	 0.00 	 0.00 
3 	 324991.00 	 1.76 	 324991.00 	 0.42 	 324991 	 1.34	 375809 	 0.00 	 0.00 	 0.00 
4 	 362353.00 	 3.64 	 362347.50 	 0.44 	 362353 	 1.15	 430044 	 0.00 	 0.00 	 5.50 
5 	 349921.00 	 2.83 	 349920.00 	 0.40 	 349921 	 1.13	 396111 	 0.00 	 0.00 	 1.00 
6 	 366344.00 	 3.33 	 366341.00 	 0.50 	 366344 	 1.48	 421880 	 0.00 	 0.00 	 3.00 
7 	 329415.00 	 3.17 	 329412.33 	 0.46 	 329417 	 1.34	 383833 	 0.00 	 2.00 	 2.67 
8 	 354280.00 	 1.62 	 354280.00 	 0.49 	 354280 	 1.27	 403329 	 0.00 	 0.00 	 0.00 
9 	 331625.00 	 1.82 	 331625.00 	 0.51 	 331625 	 1.35	 374866 	 0.00 	 0.00 	 0.00 
10 	 300142.00 	 3.41 	 300139.00 	 0.44 	 300142 	 1.32	 357390 	 0.00 	 0.00 	 3.00 
11 	 334378.00 	 1.91 	 334378.00 	 0.42 	 334378 	 1.14	 380311 	 0.00 	 0.00 	 0.00 
12 	 341400.00 	 1.41 	 341400.00 	 0.53 	 341406 	 1.35	 399938 	 0.00 	 6.00 	 0.00 
13 	 339877.00 	 2.20 	 339877.00 	 0.46 	 339877 	 1.33	 399264 	 0.00 	 0.00 	 0.00 
14 	 347390.00 	 1.99 	 347390.00 	 0.42 	 347390 	 1.32	 395256 	 0.00 	 0.00 	 0.00 
15 	 346340.00 	 3.14 	 346337.75 	 0.44 	 346340 	 1.36	 398449 	 0.00 	 0.00 	 2.25 
16 	 327614.00 	 1.58 	 327614.00 	 0.53 	 327618 	 1.38	 382708 	 0.00 	 4.00 	 0.00 
17 	 344934.00 	 3.48 	 344933.00 	 0.50 	 344934 	 1.35	 399287 	 0.00 	 0.00 	 1.00 
18 	 347458.00 	 1.66 	 347458.00 	 0.44 	 347458 	 1.33	 396425 	 0.00 	 0.00 	 0.00 
19 	 344363.00 	 1.95 	 344363.00 	 0.47 	 344363 	 1.34	 393301 	 0.00 	 0.00 	 0.00 
20 	 307781.00 	 1.95 	 307781.00 	 0.42 	 307781 	 1.17	 366616 	 0.00 	 0.00 	 0.00 
21 	 355228.00 	 2.17 	 355228.00 	 0.47 	 355228 	 1.31	 403808 	 0.00 	 0.00 	 0.00 
22 	 359861.00 	 1.91 	 359861.00 	 0.46 	 359861 	 1.30	 414620 	 0.00 	 0.00 	 0.00 
23 	 366670.00 	 1.76 	 366670.00 	 0.43 	 366670 	 1.32	 408406 	 0.00 	 0.00 	 0.00 
24 	 339417.00 	 1.47 	 339417.00 	 0.50 	 339417 	 1.35	 378623 	 0.00 	 0.00 	 0.00 
25 	 308240.00 	 1.60 	 308240.00 	 0.45 	 308240 	 1.36	 355814 	 0.00 	 0.00 	 0.00 
26 	 348494.00 	 1.92 	 348494.00 	 0.52 	 348494 	 1.34	 401373 	 0.00 	 0.00 	 0.00 
27 	 370285.00 	 1.86 	 370285.00 	 0.47 	 370285 	 1.34	 427317 	 0.00 	 0.00 	 0.00 
28 	 384299.00 	 2.02 	 384299.00 	 0.45 	 384299 	 1.34	 433026 	 0.00 	 0.00 	 0.00 
29 	 350569.00 	 1.41 	 350569.00 	 0.40 	 350569 	 1.30	 393287 	 0.00 	 0.00 	 0.00 
30 	 331112.00 	 1.71 	 331112.00 	 0.42 	 331112 	 1.13	 380284 	 0.00 	 0.00 	 0.00 
31 	 357650.00 	 2.03 	 357650.00 	 0.44 	 357650 	 1.30	 399840 	 0.00 	 0.00 	 0.00 
32 	 368936.00 	 1.90 	 368936.00 	 0.49 	 368936 	 1.34	 423480 	 0.00 	 0.00 	 0.00 
33 	 357818.00 	 2.10 	 357818.00 	 0.43 	 357818 	 1.14	 400892 	 0.00 	 0.00 	 0.00 
34 	 299184.00 	 1.78 	 299184.00 	 0.49 	 299184 	 1.32	 360906 	 0.00 	 0.00 	 0.00 
35 	 316581.00 	 1.86 	 316581.00 	 0.46 	 316585 	 1.36	 367690 	 0.00 	 4.00 	 0.00 
36 	 340914.00 	 1.73 	 340914.00 	 0.46 	 340914 	 1.34	 401460 	 0.00 	 0.00 	 0.00 
37 	 327364.00 	 2.02 	 327364.00 	 0.46 	 327367 	 1.14	 375899 	 0.00 	 3.00 	 0.00 
38 	 358502.00 	 1.70 	 358502.00 	 0.47 	 358502 	 1.34	 409255 	 0.00 	 0.00 	 0.00 
39 	 336407.00 	 1.81 	 336407.00 	 0.48 	 336407 	 1.15	 383967 	 0.00 	 0.00 	 0.00 
40 	 352704.00 	 1.84 	 352704.00 	 0.43 	 352704 	 1.14	 400194 	 0.00 	 0.00 	 0.00 
41 	 363452.00 	 1.45 	 363452.00 	 0.52 	 363452 	 1.35	 411355 	 0.00 	 0.00 	 0.00 
42 	 364929.00 	 1.43 	 364929.00 	 0.46 	 364929 	 1.33	 403292 	 0.00 	 0.00 	 0.00 
43 	 353368.00 	 1.80 	 353368.00 	 0.51 	 353368 	 1.39	 399884 	 0.00 	 0.00 	 0.00 
44 	 383240.00 	 1.89 	 383240.00 	 0.43 	 383240 	 1.35	 428224 	 0.00 	 0.00 	 0.00 
45 	 337353.00 	 2.51 	 337353.00 	 0.46 	 337353 	 1.36	 392061 	 0.00 	 0.00 	 0.00 
46 	 346032.00 	 1.40 	 346032.00 	 0.49 	 346032 	 1.32	 389420 	 0.00 	 0.00 	 0.00 
47 	 367974.00 	 1.35 	 367974.00 	 0.49 	 367974 	 1.33	 420683 	 0.00 	 0.00 	 0.00 
48 	 314124.00 	 1.93 	 314124.00 	 0.43 	 314124 	 1.08	 360000 	 0.00 	 0.00 	 0.00 
49 	 378016.00 	 1.80 	 378016.00 	 0.48 	 378016 	 1.35	 432805 	 0.00 	 0.00 	 0.00 
50 	 335146.00 	 1.64 	 335146.00 	 0.45 	 335146 	 1.32	 384622 	 0.00 	 0.00 	 0.00 
51 	 351767.00 	 1.75 	 351767.00 	 0.46 	 351767 	 1.30	 398824 	 0.00 	 0.00 	 0.00 
52 	 309123.00 	 2.57 	 309122.00 	 0.47 	 309123 	 1.36	 355791 	 0.00 	 0.00 	 1.00 
53 	 326237.00 	 2.17 	 326237.00 	 0.46 	 326237 	 1.33	 378449 	 0.00 	 0.00 	 0.00 
54 	 334803.00 	 1.67 	 334802.67 	 0.55 	 334808 	 1.33	 375324 	 0.00 	 5.00 	 0.33 
55 	 301445.00 	 3.14 	 301441.33 	 0.55 	 301446 	 1.33	 354339 	 0.00 	 1.00 	 3.67 
56 	 355337.00 	 1.63 	 355337.00 	 0.50 	 355337 	 1.40	 400936 	 0.00 	 0.00 	 0.00 
57 	 286312.00 	 1.88 	 286312.00 	 0.41 	 286312 	 1.14	 340059 	 0.00 	 0.00 	 0.00 
58 	 320365.00 	 1.76 	 320365.00 	 0.46 	 320365 	 1.35	 362214 	 0.00 	 0.00 	 0.00 
59 	 350266.00 	 1.81 	 350266.00 	 0.51 	 350266 	 1.14	 396757 	 0.00 	 0.00 	 0.00 
60 	 349928.00 	 2.93 	 349925.00 	 0.45 	 349929 	 1.31	 398659 	 0.00 	 1.00 	 3.00 
61 	 378498.00 	 3.13 	 378497.33 	 0.45 	 378498 	 1.37	 431572 	 0.00 	 0.00 	 0.67 
62 	 363464.00 	 2.05 	 363464.00 	 0.45 	 363464 	 1.34	 405666 	 0.00 	 0.00 	 0.00 
63 	 320801.00 	 1.37 	 320801.00 	 0.49 	 320801 	 1.36	 361096 	 0.00 	 0.00 	 0.00 
64 	 359316.00 	 1.77 	 359316.00 	 0.47 	 359316 	 1.13	 399865 	 0.00 	 0.00 	 0.00 
65 	 348742.00 	 2.15 	 348742.00 	 0.42 	 348742 	 1.26	 394295 	 0.00 	 0.00 	 0.00 
66 	 350544.00 	 1.95 	 350544.00 	 0.45 	 350544 	 1.13	 402425 	 0.00 	 0.00 	 0.00 
67 	 329647.00 	 2.01 	 329647.00 	 0.42 	 329647 	 1.34	 369298 	 0.00 	 0.00 	 0.00 
68 	 372484.00 	 1.43 	 372484.00 	 0.39 	 372484 	 1.15	 417658 	 0.00 	 0.00 	 0.00 
69 	 386910.00 	 1.90 	 386910.00 	 0.48 	 386910 	 1.17	 435615 	 0.00 	 0.00 	 0.00 
70 	 339842.00 	 2.95 	 339841.50 	 0.46 	 339842 	 1.34	 397733 	 0.00 	 0.00 	 0.50 
71 	 331690.00 	 1.70 	 331690.00 	 0.42 	 331690 	 1.33	 381311 	 0.00 	 0.00 	 0.00 
72 	 281946.00 	 1.54 	 281946.00 	 0.45 	 281946 	 1.33	 326532 	 0.00 	 0.00 	 0.00 
73 	 331047.00 	 1.49 	 331047.00 	 0.43 	 331047 	 1.38	 377148 	 0.00 	 0.00 	 0.00 
74 	 358153.00 	 2.09 	 358153.00 	 0.50 	 358153 	 1.37	 400713 	 0.00 	 0.00 	 0.00 
75 	 343640.00 	 1.40 	 343640.00 	 0.47 	 343651 	 1.32	 385314 	 0.00 	 11.00 	 0.00 
76 	 374338.00 	 1.94 	 374337.67 	 0.44 	 374338 	 1.35	 412498 	 0.00 	 0.00 	 0.33 
77 	 344692.00 	 1.99 	 344692.00 	 0.40 	 344692 	 1.14	 397105 	 0.00 	 0.00 	 0.00 
78 	 354198.00 	 1.99 	 354198.00 	 0.41 	 354198 	 1.15	 403266 	 0.00 	 0.00 	 0.00 
79 	 330302.00 	 3.43 	 330298.00 	 0.46 	 330302 	 1.35	 376713 	 0.00 	 0.00 	 4.00 
80 	 335284.00 	 1.78 	 335284.00 	 0.46 	 335284 	 1.35	 373030 	 0.00 	 0.00 	 0.00 
81 	 299545.00 	 1.61 	 299545.00 	 0.46 	 299545 	 1.35	 345071 	 0.00 	 0.00 	 0.00 
82 	 312492.00 	 2.21 	 312492.00 	 0.41 	 312492 	 1.34	 358290 	 0.00 	 0.00 	 0.00 
83 	 320976.00 	 2.00 	 320976.00 	 0.46 	 320976 	 1.37	 381051 	 0.00 	 0.00 	 0.00 
84 	 305852.00 	 1.50 	 305852.00 	 0.48 	 305852 	 1.32	 348150 	 0.00 	 0.00 	 0.00 
85 	 340318.00 	 2.82 	 340317.67 	 0.45 	 340318 	 1.13	 379229 	 0.00 	 0.00 	 0.33 
86 	 366991.00 	 1.72 	 366991.00 	 0.51 	 366991 	 1.34	 407393 	 0.00 	 0.00 	 0.00 
87 	 366329.00 	 2.03 	 366329.00 	 0.47 	 366329 	 1.30	 409844 	 0.00 	 0.00 	 0.00 
88 	 346880.00 	 1.57 	 346880.00 	 0.49 	 346880 	 1.34	 399907 	 0.00 	 0.00 	 0.00 
89 	 353765.00 	 1.57 	 353765.00 	 0.46 	 353765 	 1.15	 392013 	 0.00 	 0.00 	 0.00 
90 	 347639.00 	 1.99 	 347639.00 	 0.48 	 347639 	 1.33	 388310 	 0.00 	 0.00 	 0.00 
91 	 327608.00 	 3.33 	 327604.00 	 0.47 	 327608 	 1.38	 382177 	 0.00 	 0.00 	 4.00 
92 	 340771.00 	 1.86 	 340771.00 	 0.44 	 340771 	 1.14	 384200 	 0.00 	 0.00 	 0.00 
93 	 341574.00 	 1.88 	 341574.00 	 0.47 	 341574 	 1.34	 389878 	 0.00 	 0.00 	 0.00 
94 	 306740.00 	 1.48 	 306740.00 	 0.39 	 306740 	 1.13	 350858 	 0.00 	 0.00 	 0.00 
95 	 347846.00 	 1.83 	 347846.00 	 0.39 	 347846 	 1.12	 409560 	 0.00 	 0.00 	 0.00 
96 	 314156.00 	 3.10 	 314155.00 	 0.45 	 314156 	 1.38	 363688 	 0.00 	 0.00 	 1.00 
97 	 370913.00 	 1.52 	 370913.00 	 0.41 	 370913 	 1.14	 416685 	 0.00 	 0.00 	 0.00 
98 	 350791.00 	 4.32 	 350783.00 	 0.51 	 350791 	 1.35	 409197 	 0.00 	 0.00 	 8.00 
99 	 339239.00 	 1.73 	 339239.00 	 0.44 	 339239 	 1.05	 375263 	 0.00 	 0.00 	 0.00 
100 	 346683.00 	 1.69 	 346683.00 	 0.49 	 346683 	 1.36	 390869 	 0.00 	 0.00 	 0.00 
