Instance 	 ip_model 	 	 lr_model 	 	 greedy 	 	 UB 	 
 	 objval 	 time 	 objval 	 time 	 objval 	 time 	 objval 	 time 
1 	 357298.00 	 5.44 	 357283.50 	 0.50 	 357298 	 1.82	 386288 	 0.00 	 0.00 	 14.50 
2 	 392106.00 	 7.21 	 392001.00 	 0.41 	 392117 	 1.74	 427102 	 0.00 	 11.00 	 105.00 
3 	 340829.00 	 15.84 	 340726.00 	 0.46 	 340829 	 1.77	 375809 	 0.00 	 0.00 	 103.00 
4 	 384253.00 	 121.64 	 383649.50 	 0.45 	 384253 	 1.73	 430044 	 0.00 	 0.00 	 603.50 
5 	 365014.00 	 4.69 	 364994.50 	 0.49 	 365014 	 1.80	 396111 	 0.00 	 0.00 	 19.50 
6 	 385112.00 	 5.66 	 385095.50 	 0.44 	 385250 	 1.77	 421880 	 0.00 	 138.00 	 16.50 
7 	 347033.00 	 6.19 	 346883.50 	 0.46 	 347033 	 1.74	 383833 	 0.00 	 0.00 	 149.50 
8 	 372136.00 	 4.95 	 372046.50 	 0.44 	 372148 	 1.74	 403329 	 0.00 	 12.00 	 89.50 
9 	 341242.00 	 2.70 	 341242.00 	 0.46 	 341242 	 1.75	 374866 	 0.00 	 0.00 	 0.00 
10 	 316392.00 	 14.05 	 316036.00 	 0.46 	 316392 	 1.81	 357390 	 0.00 	 0.00 	 356.00 
11 	 346853.00 	 2.74 	 346853.00 	 0.43 	 346999 	 1.70	 380311 	 0.00 	 146.00 	 0.00 
12 	 359772.00 	 56.64 	 359475.00 	 0.54 	 359849 	 1.85	 399938 	 0.00 	 77.00 	 297.00 
13 	 360548.00 	 8.31 	 360294.50 	 0.48 	 360575 	 1.74	 399264 	 0.00 	 27.00 	 253.50 
14 	 362207.00 	 5.58 	 362113.50 	 0.47 	 362207 	 1.80	 395256 	 0.00 	 0.00 	 93.50 
15 	 362165.00 	 4.76 	 362114.50 	 0.44 	 362274 	 1.73	 398449 	 0.00 	 109.00 	 50.50 
16 	 344138.00 	 7.66 	 344026.50 	 0.47 	 344260 	 1.75	 382708 	 0.00 	 122.00 	 111.50 
17 	 360939.00 	 14.53 	 360684.00 	 0.44 	 360944 	 1.73	 399287 	 0.00 	 5.00 	 255.00 
18 	 360703.00 	 7.36 	 360444.00 	 0.50 	 360703 	 1.78	 396425 	 0.00 	 0.00 	 259.00 
19 	 358839.00 	 2.18 	 358839.00 	 0.49 	 358996 	 1.78	 393301 	 0.00 	 157.00 	 0.00 
20 	 327035.00 	 9.02 	 326719.00 	 0.46 	 327116 	 1.75	 366616 	 0.00 	 81.00 	 316.00 
21 	 367965.00 	 6.09 	 367776.50 	 0.48 	 367965 	 1.74	 403808 	 0.00 	 0.00 	 188.50 
22 	 375810.00 	 5.66 	 375766.50 	 0.42 	 375810 	 1.75	 414620 	 0.00 	 0.00 	 43.50 
23 	 377922.00 	 7.32 	 377830.00 	 0.46 	 377937 	 1.76	 408406 	 0.00 	 15.00 	 92.00 
24 	 350791.00 	 4.80 	 350744.00 	 0.46 	 350791 	 1.74	 378623 	 0.00 	 0.00 	 47.00 
25 	 323363.00 	 2.51 	 323363.00 	 0.41 	 323363 	 1.73	 355814 	 0.00 	 0.00 	 0.00 
26 	 364570.00 	 22.21 	 364362.50 	 0.45 	 364570 	 1.80	 401373 	 0.00 	 0.00 	 207.50 
27 	 386500.00 	 7.53 	 386454.25 	 0.46 	 386507 	 1.75	 427317 	 0.00 	 7.00 	 45.75 
28 	 400134.00 	 5.97 	 400039.00 	 0.42 	 400134 	 1.74	 433026 	 0.00 	 0.00 	 95.00 
29 	 361618.00 	 5.76 	 361549.00 	 0.43 	 361645 	 1.75	 393287 	 0.00 	 27.00 	 69.00 
30 	 346294.00 	 9.65 	 346137.00 	 0.45 	 346312 	 1.74	 380284 	 0.00 	 18.00 	 157.00 
31 	 370377.00 	 5.20 	 370341.50 	 0.48 	 370377 	 1.77	 399840 	 0.00 	 0.00 	 35.50 
32 	 385172.00 	 7.07 	 384969.00 	 0.47 	 385172 	 1.79	 423480 	 0.00 	 0.00 	 203.00 
33 	 369772.00 	 5.55 	 369701.00 	 0.45 	 369772 	 1.77	 400892 	 0.00 	 0.00 	 71.00 
34 	 316269.00 	 13.35 	 316074.50 	 0.57 	 316269 	 1.73	 360906 	 0.00 	 0.00 	 194.50 
35 	 332788.00 	 6.66 	 332737.50 	 0.50 	 332790 	 1.75	 367690 	 0.00 	 2.00 	 50.50 
36 	 359498.00 	 9.28 	 359257.50 	 0.43 	 359498 	 1.73	 401460 	 0.00 	 0.00 	 240.50 
37 	 343449.00 	 2.37 	 343449.00 	 0.41 	 343449 	 1.81	 375899 	 0.00 	 0.00 	 0.00 
38 	 374751.00 	 43.78 	 374525.50 	 0.47 	 374803 	 1.81	 409255 	 0.00 	 52.00 	 225.50 
39 	 349788.00 	 6.08 	 349695.00 	 0.43 	 349788 	 1.75	 383967 	 0.00 	 0.00 	 93.00 
40 	 366018.00 	 5.13 	 365972.50 	 0.47 	 366018 	 1.75	 400194 	 0.00 	 0.00 	 45.50 
41 	 374816.00 	 6.38 	 374701.50 	 0.51 	 374816 	 1.93	 411355 	 0.00 	 0.00 	 114.50 
42 	 374681.00 	 2.95 	 374681.00 	 0.44 	 374681 	 1.76	 403292 	 0.00 	 0.00 	 0.00 
43 	 364851.00 	 2.51 	 364851.00 	 0.42 	 365083 	 1.75	 399884 	 0.00 	 232.00 	 0.00 
44 	 398356.00 	 5.32 	 398274.00 	 0.47 	 398356 	 1.77	 428224 	 0.00 	 0.00 	 82.00 
45 	 355075.00 	 40.26 	 354834.00 	 0.45 	 355088 	 1.81	 392061 	 0.00 	 13.00 	 241.00 
46 	 356112.00 	 2.68 	 356112.00 	 0.46 	 356112 	 1.77	 389420 	 0.00 	 0.00 	 0.00 
47 	 384618.00 	 7.37 	 384391.00 	 0.44 	 384618 	 1.75	 420683 	 0.00 	 0.00 	 227.00 
48 	 326219.00 	 6.22 	 326184.67 	 0.49 	 326219 	 1.74	 360000 	 0.00 	 0.00 	 34.33 
49 	 394712.00 	 20.74 	 394563.50 	 0.59 	 394825 	 1.76	 432805 	 0.00 	 113.00 	 148.50 
50 	 348288.00 	 3.21 	 348288.00 	 0.42 	 348361 	 1.73	 384622 	 0.00 	 73.00 	 0.00 
51 	 365017.00 	 9.02 	 364784.50 	 0.43 	 365017 	 1.75	 398824 	 0.00 	 0.00 	 232.50 
52 	 323914.00 	 8.79 	 323806.50 	 0.43 	 323914 	 1.74	 355791 	 0.00 	 0.00 	 107.50 
53 	 341887.00 	 31.77 	 341697.00 	 0.45 	 341887 	 1.76	 378449 	 0.00 	 0.00 	 190.00 
54 	 346005.00 	 2.36 	 346005.00 	 0.45 	 346005 	 1.74	 375324 	 0.00 	 0.00 	 0.00 
55 	 317627.00 	 11.25 	 317479.50 	 0.45 	 317627 	 1.76	 354339 	 0.00 	 0.00 	 147.50 
56 	 369047.00 	 8.96 	 368923.00 	 0.43 	 369047 	 1.74	 400936 	 0.00 	 0.00 	 124.00 
57 	 301556.00 	 3.03 	 301556.00 	 0.52 	 301556 	 1.83	 340059 	 0.00 	 0.00 	 0.00 
58 	 333323.00 	 5.81 	 333225.00 	 0.46 	 333323 	 1.74	 362214 	 0.00 	 0.00 	 98.00 
59 	 363497.00 	 4.61 	 363463.00 	 0.47 	 363497 	 1.74	 396757 	 0.00 	 0.00 	 34.00 
60 	 362645.00 	 1.94 	 362645.00 	 0.49 	 362645 	 1.80	 398659 	 0.00 	 0.00 	 0.00 
61 	 394712.00 	 6.88 	 394647.50 	 0.49 	 394818 	 1.76	 431572 	 0.00 	 106.00 	 64.50 
62 	 374993.00 	 6.39 	 374937.50 	 0.50 	 374993 	 1.82	 405666 	 0.00 	 0.00 	 55.50 
63 	 333271.00 	 5.11 	 333214.00 	 0.46 	 333271 	 1.76	 361096 	 0.00 	 0.00 	 57.00 
64 	 369141.00 	 6.23 	 369136.00 	 0.49 	 369141 	 1.73	 399865 	 0.00 	 0.00 	 5.00 
65 	 363294.00 	 2.99 	 363294.00 	 0.43 	 363294 	 1.80	 394295 	 0.00 	 0.00 	 0.00 
66 	 368468.00 	 6.92 	 368290.00 	 0.42 	 368468 	 1.75	 402425 	 0.00 	 0.00 	 178.00 
67 	 342612.00 	 2.49 	 342612.00 	 0.44 	 342612 	 1.74	 369298 	 0.00 	 0.00 	 0.00 
68 	 384522.00 	 2.12 	 384522.00 	 0.43 	 384522 	 1.78	 417658 	 0.00 	 0.00 	 0.00 
69 	 400221.00 	 15.66 	 399990.50 	 0.48 	 400221 	 1.83	 435615 	 0.00 	 0.00 	 230.50 
70 	 355816.00 	 36.41 	 355460.50 	 0.46 	 355816 	 1.74	 397733 	 0.00 	 0.00 	 355.50 
71 	 345339.00 	 5.56 	 345180.00 	 0.50 	 345339 	 1.82	 381311 	 0.00 	 0.00 	 159.00 
72 	 294276.00 	 6.80 	 294265.00 	 0.47 	 294276 	 1.77	 326532 	 0.00 	 0.00 	 11.00 
73 	 342035.00 	 5.09 	 341946.50 	 0.52 	 342041 	 1.79	 377148 	 0.00 	 6.00 	 88.50 
74 	 370735.00 	 2.16 	 370735.00 	 0.43 	 370735 	 1.78	 400713 	 0.00 	 0.00 	 0.00 
75 	 355032.00 	 2.65 	 355032.00 	 0.45 	 355046 	 1.78	 385314 	 0.00 	 14.00 	 0.00 
76 	 385987.00 	 2.10 	 385987.00 	 0.42 	 385987 	 1.75	 412498 	 0.00 	 0.00 	 0.00 
77 	 360360.00 	 10.05 	 360270.00 	 0.44 	 360360 	 1.78	 397105 	 0.00 	 0.00 	 90.00 
78 	 368772.00 	 2.97 	 368772.00 	 0.51 	 368786 	 1.78	 403266 	 0.00 	 14.00 	 0.00 
79 	 344822.00 	 2.38 	 344822.00 	 0.41 	 344822 	 1.74	 376713 	 0.00 	 0.00 	 0.00 
80 	 347676.00 	 2.70 	 347676.00 	 0.47 	 347676 	 1.79	 373030 	 0.00 	 0.00 	 0.00 
81 	 312453.00 	 5.57 	 312384.00 	 0.51 	 312469 	 1.78	 345071 	 0.00 	 16.00 	 69.00 
82 	 326366.00 	 10.01 	 326295.50 	 0.52 	 326366 	 1.75	 358290 	 0.00 	 0.00 	 70.50 
83 	 340787.00 	 63.57 	 340428.00 	 0.47 	 340787 	 1.79	 381051 	 0.00 	 0.00 	 359.00 
84 	 318263.00 	 2.11 	 318263.00 	 0.46 	 318263 	 1.76	 348150 	 0.00 	 0.00 	 0.00 
85 	 349856.00 	 3.46 	 349856.00 	 0.43 	 349856 	 1.75	 379229 	 0.00 	 0.00 	 0.00 
86 	 378524.00 	 5.97 	 378519.50 	 0.51 	 378524 	 1.75	 407393 	 0.00 	 0.00 	 4.50 
87 	 378256.00 	 3.53 	 378256.00 	 0.46 	 378256 	 1.75	 409844 	 0.00 	 0.00 	 0.00 
88 	 362004.00 	 13.79 	 361835.50 	 0.44 	 362098 	 1.96	 399907 	 0.00 	 94.00 	 168.50 
89 	 365444.00 	 2.59 	 365444.00 	 0.46 	 365444 	 1.77	 392013 	 0.00 	 0.00 	 0.00 
90 	 357453.00 	 5.08 	 357427.50 	 0.49 	 357453 	 1.73	 388310 	 0.00 	 0.00 	 25.50 
91 	 343685.00 	 4.35 	 343669.50 	 0.51 	 343685 	 1.83	 382177 	 0.00 	 0.00 	 15.50 
92 	 355122.00 	 6.11 	 355035.00 	 0.46 	 355122 	 1.73	 384200 	 0.00 	 0.00 	 87.00 
93 	 356437.00 	 6.18 	 356401.00 	 0.47 	 356437 	 1.77	 389878 	 0.00 	 0.00 	 36.00 
94 	 318888.00 	 5.48 	 318809.50 	 0.45 	 318962 	 1.81	 350858 	 0.00 	 74.00 	 78.50 
95 	 366935.00 	 30.35 	 366548.00 	 0.46 	 366935 	 1.72	 409560 	 0.00 	 0.00 	 387.00 
96 	 329119.00 	 6.79 	 328982.00 	 0.50 	 329119 	 1.78	 363688 	 0.00 	 0.00 	 137.00 
97 	 387126.00 	 2.25 	 387126.00 	 0.45 	 387126 	 1.75	 416685 	 0.00 	 0.00 	 0.00 
98 	 368598.00 	 38.80 	 368391.00 	 0.47 	 368722 	 1.78	 409197 	 0.00 	 124.00 	 207.00 
99 	 348903.00 	 2.88 	 348903.00 	 0.40 	 348903 	 1.74	 375263 	 0.00 	 0.00 	 0.00 
100 	 358865.00 	 7.00 	 358834.50 	 0.46 	 358865 	 1.91	 390869 	 0.00 	 0.00 	 30.50 
