Instance 	 ip_model 	 	 lr_model 	 	 greedy 	 	 UB 	 
 	 objval 	 time 	 objval 	 time 	 objval 	 time 	 objval 	 time 
1 	 363932.00 	 3.20 	 363932.00 	 0.42 	 363932 	 1.77	 386288 	 0.00 	 0.00 	 0.00 
2 	 400857.00 	 2.34 	 400857.00 	 0.41 	 400857 	 1.81	 427102 	 0.00 	 0.00 	 0.00 
3 	 349891.00 	 2.35 	 349891.00 	 0.40 	 349891 	 1.80	 375809 	 0.00 	 0.00 	 0.00 
4 	 396956.00 	 2.43 	 396956.00 	 0.45 	 396956 	 1.78	 430044 	 0.00 	 0.00 	 0.00 
5 	 372529.00 	 2.23 	 372529.00 	 0.42 	 372529 	 1.77	 396111 	 0.00 	 0.00 	 0.00 
6 	 394683.00 	 2.26 	 394683.00 	 0.48 	 394683 	 1.82	 421880 	 0.00 	 0.00 	 0.00 
7 	 356427.00 	 2.84 	 356427.00 	 0.45 	 356427 	 1.78	 383833 	 0.00 	 0.00 	 0.00 
8 	 381016.00 	 2.61 	 381016.00 	 0.40 	 381016 	 1.79	 403329 	 0.00 	 0.00 	 0.00 
9 	 348328.00 	 2.82 	 348328.00 	 0.41 	 348328 	 1.78	 374866 	 0.00 	 0.00 	 0.00 
10 	 327783.00 	 3.30 	 327783.00 	 0.45 	 327783 	 1.79	 357390 	 0.00 	 0.00 	 0.00 
11 	 354220.00 	 2.68 	 354220.00 	 0.45 	 354220 	 1.78	 380311 	 0.00 	 0.00 	 0.00 
12 	 369795.00 	 2.69 	 369795.00 	 0.45 	 369795 	 1.77	 399938 	 0.00 	 0.00 	 0.00 
13 	 370579.00 	 2.61 	 370579.00 	 0.48 	 370579 	 1.82	 399264 	 0.00 	 0.00 	 0.00 
14 	 370330.00 	 2.27 	 370330.00 	 0.42 	 370330 	 1.79	 395256 	 0.00 	 0.00 	 0.00 
15 	 370730.00 	 2.45 	 370730.00 	 0.42 	 370730 	 1.78	 398449 	 0.00 	 0.00 	 0.00 
16 	 354497.00 	 3.40 	 354497.00 	 0.45 	 354497 	 1.88	 382708 	 0.00 	 0.00 	 0.00 
17 	 369995.00 	 2.92 	 369995.00 	 0.44 	 369995 	 1.83	 399287 	 0.00 	 0.00 	 0.00 
18 	 369298.00 	 2.94 	 369298.00 	 0.49 	 369298 	 1.78	 396425 	 0.00 	 0.00 	 0.00 
19 	 367691.00 	 3.19 	 367691.00 	 0.40 	 367691 	 1.78	 393301 	 0.00 	 0.00 	 0.00 
20 	 337342.00 	 4.18 	 337342.00 	 0.48 	 337342 	 1.88	 366616 	 0.00 	 0.00 	 0.00 
21 	 377132.00 	 2.66 	 377132.00 	 0.43 	 377132 	 1.78	 403808 	 0.00 	 0.00 	 0.00 
22 	 385512.00 	 3.50 	 385512.00 	 0.42 	 385512 	 1.87	 414620 	 0.00 	 0.00 	 0.00 
23 	 385343.00 	 3.08 	 385343.00 	 0.49 	 385343 	 1.91	 408406 	 0.00 	 0.00 	 0.00 
24 	 357386.00 	 2.03 	 357386.00 	 0.41 	 357386 	 1.79	 378623 	 0.00 	 0.00 	 0.00 
25 	 331916.00 	 2.22 	 331916.00 	 0.46 	 331916 	 1.78	 355814 	 0.00 	 0.00 	 0.00 
26 	 374366.00 	 3.10 	 374366.00 	 0.40 	 374366 	 1.77	 401373 	 0.00 	 0.00 	 0.00 
27 	 396883.00 	 3.23 	 396883.00 	 0.40 	 396883 	 1.81	 427317 	 0.00 	 0.00 	 0.00 
28 	 407863.00 	 2.29 	 407863.00 	 0.46 	 407863 	 1.78	 433026 	 0.00 	 0.00 	 0.00 
29 	 369393.00 	 3.04 	 369393.00 	 0.47 	 369394 	 1.78	 393287 	 0.00 	 1.00 	 0.00 
30 	 354639.00 	 2.65 	 354639.00 	 0.49 	 354639 	 1.83	 380284 	 0.00 	 0.00 	 0.00 
31 	 377633.00 	 2.87 	 377633.00 	 0.47 	 377633 	 1.81	 399840 	 0.00 	 0.00 	 0.00 
32 	 395052.00 	 2.18 	 395052.00 	 0.40 	 395052 	 1.76	 423480 	 0.00 	 0.00 	 0.00 
33 	 376842.00 	 2.99 	 376842.00 	 0.48 	 376842 	 2.01	 400892 	 0.00 	 0.00 	 0.00 
34 	 327645.00 	 3.51 	 327645.00 	 0.45 	 327645 	 1.85	 360906 	 0.00 	 0.00 	 0.00 
35 	 341134.00 	 3.13 	 341134.00 	 0.45 	 341134 	 1.78	 367690 	 0.00 	 0.00 	 0.00 
36 	 370573.00 	 2.74 	 370573.00 	 0.43 	 370573 	 1.78	 401460 	 0.00 	 0.00 	 0.00 
37 	 351958.00 	 2.89 	 351958.00 	 0.47 	 351958 	 1.81	 375899 	 0.00 	 0.00 	 0.00 
38 	 384220.00 	 2.79 	 384220.00 	 0.44 	 384251 	 1.79	 409255 	 0.00 	 31.00 	 0.00 
39 	 357944.00 	 2.32 	 357944.00 	 0.50 	 357944 	 1.82	 383967 	 0.00 	 0.00 	 0.00 
40 	 374451.00 	 2.14 	 374451.00 	 0.43 	 374451 	 1.79	 400194 	 0.00 	 0.00 	 0.00 
41 	 383545.00 	 3.30 	 383545.00 	 0.48 	 383545 	 1.82	 411355 	 0.00 	 0.00 	 0.00 
42 	 382007.00 	 5.36 	 382004.00 	 0.48 	 382007 	 1.79	 403292 	 0.00 	 0.00 	 3.00 
43 	 373132.00 	 3.52 	 373132.00 	 0.41 	 373132 	 1.79	 399884 	 0.00 	 0.00 	 0.00 
44 	 406275.00 	 1.96 	 406275.00 	 0.46 	 406275 	 1.79	 428224 	 0.00 	 0.00 	 0.00 
45 	 364540.00 	 2.80 	 364540.00 	 0.45 	 364540 	 1.78	 392061 	 0.00 	 0.00 	 0.00 
46 	 363178.00 	 3.80 	 363178.00 	 0.42 	 363178 	 1.78	 389420 	 0.00 	 0.00 	 0.00 
47 	 394056.00 	 2.91 	 394056.00 	 0.48 	 394056 	 1.84	 420683 	 0.00 	 0.00 	 0.00 
48 	 334582.00 	 2.46 	 334582.00 	 0.44 	 334582 	 1.80	 360000 	 0.00 	 0.00 	 0.00 
49 	 404184.00 	 3.20 	 404184.00 	 0.42 	 404184 	 1.79	 432805 	 0.00 	 0.00 	 0.00 
50 	 357250.00 	 3.06 	 357250.00 	 0.43 	 357250 	 1.77	 384622 	 0.00 	 0.00 	 0.00 
51 	 373073.00 	 2.96 	 373073.00 	 0.45 	 373073 	 1.82	 398824 	 0.00 	 0.00 	 0.00 
52 	 332078.00 	 3.08 	 332078.00 	 0.46 	 332078 	 1.79	 355791 	 0.00 	 0.00 	 0.00 
53 	 350626.00 	 2.86 	 350626.00 	 0.39 	 350626 	 1.76	 378449 	 0.00 	 0.00 	 0.00 
54 	 352940.00 	 3.37 	 352940.00 	 0.46 	 352940 	 1.81	 375324 	 0.00 	 0.00 	 0.00 
55 	 325924.00 	 2.30 	 325924.00 	 0.43 	 325924 	 1.83	 354339 	 0.00 	 0.00 	 0.00 
56 	 377395.00 	 3.45 	 377395.00 	 0.47 	 377395 	 1.84	 400936 	 0.00 	 0.00 	 0.00 
57 	 310902.00 	 2.95 	 310902.00 	 0.46 	 310902 	 1.96	 340059 	 0.00 	 0.00 	 0.00 
58 	 340669.00 	 2.68 	 340669.00 	 0.42 	 340669 	 1.82	 362214 	 0.00 	 0.00 	 0.00 
59 	 371525.00 	 2.52 	 371525.00 	 0.46 	 371525 	 1.96	 396757 	 0.00 	 0.00 	 0.00 
60 	 370887.00 	 4.04 	 370887.00 	 0.45 	 370887 	 1.77	 398659 	 0.00 	 0.00 	 0.00 
61 	 404336.00 	 2.79 	 404336.00 	 0.42 	 404336 	 1.83	 431572 	 0.00 	 0.00 	 0.00 
62 	 382478.00 	 2.39 	 382478.00 	 0.43 	 382478 	 1.79	 405666 	 0.00 	 0.00 	 0.00 
63 	 340914.00 	 2.23 	 340914.00 	 0.43 	 340914 	 1.78	 361096 	 0.00 	 0.00 	 0.00 
64 	 375478.00 	 3.51 	 375478.00 	 0.43 	 375478 	 1.84	 399865 	 0.00 	 0.00 	 0.00 
65 	 370970.00 	 3.10 	 370970.00 	 0.43 	 370970 	 1.81	 394295 	 0.00 	 0.00 	 0.00 
66 	 377946.00 	 2.32 	 377946.00 	 0.43 	 377946 	 1.87	 402425 	 0.00 	 0.00 	 0.00 
67 	 349366.00 	 2.32 	 349366.00 	 0.47 	 349366 	 1.78	 369298 	 0.00 	 0.00 	 0.00 
68 	 391147.00 	 2.13 	 391147.00 	 0.48 	 391147 	 1.82	 417658 	 0.00 	 0.00 	 0.00 
69 	 409470.00 	 2.77 	 409470.00 	 0.43 	 409470 	 1.78	 435615 	 0.00 	 0.00 	 0.00 
70 	 365995.00 	 3.23 	 365995.00 	 0.46 	 365995 	 1.78	 397733 	 0.00 	 0.00 	 0.00 
71 	 354945.00 	 2.57 	 354945.00 	 0.47 	 354945 	 1.80	 381311 	 0.00 	 0.00 	 0.00 
72 	 301090.00 	 2.71 	 301090.00 	 0.46 	 301090 	 1.80	 326532 	 0.00 	 0.00 	 0.00 
73 	 351037.00 	 3.72 	 351037.00 	 0.43 	 351037 	 1.78	 377148 	 0.00 	 0.00 	 0.00 
74 	 377397.00 	 2.57 	 377397.00 	 0.43 	 377397 	 1.83	 400713 	 0.00 	 0.00 	 0.00 
75 	 362066.00 	 3.02 	 362066.00 	 0.47 	 362066 	 1.79	 385314 	 0.00 	 0.00 	 0.00 
76 	 392449.00 	 2.42 	 392449.00 	 0.48 	 392449 	 1.78	 412498 	 0.00 	 0.00 	 0.00 
77 	 369022.00 	 2.71 	 369022.00 	 0.44 	 369022 	 1.78	 397105 	 0.00 	 0.00 	 0.00 
78 	 377080.00 	 3.44 	 377080.00 	 0.40 	 377080 	 1.81	 403266 	 0.00 	 0.00 	 0.00 
79 	 352890.00 	 2.16 	 352890.00 	 0.48 	 352890 	 1.80	 376713 	 0.00 	 0.00 	 0.00 
80 	 353349.00 	 2.13 	 353349.00 	 0.49 	 353349 	 1.78	 373030 	 0.00 	 0.00 	 0.00 
81 	 319899.00 	 3.41 	 319899.00 	 0.48 	 319971 	 1.85	 345071 	 0.00 	 72.00 	 0.00 
82 	 334129.00 	 2.81 	 334129.00 	 0.44 	 334129 	 1.80	 358290 	 0.00 	 0.00 	 0.00 
83 	 351020.00 	 3.64 	 351020.00 	 0.44 	 351020 	 1.79	 381051 	 0.00 	 0.00 	 0.00 
84 	 325438.00 	 2.74 	 325438.00 	 0.48 	 325438 	 1.79	 348150 	 0.00 	 0.00 	 0.00 
85 	 356718.00 	 2.64 	 356718.00 	 0.45 	 356718 	 1.80	 379229 	 0.00 	 0.00 	 0.00 
86 	 385694.00 	 3.54 	 385694.00 	 0.44 	 385694 	 1.77	 407393 	 0.00 	 0.00 	 0.00 
87 	 385429.00 	 4.16 	 385429.00 	 0.43 	 385429 	 1.93	 409844 	 0.00 	 0.00 	 0.00 
88 	 371549.00 	 2.83 	 371549.00 	 0.47 	 371549 	 1.82	 399907 	 0.00 	 0.00 	 0.00 
89 	 372696.00 	 2.44 	 372696.00 	 0.43 	 372696 	 1.78	 392013 	 0.00 	 0.00 	 0.00 
90 	 364481.00 	 2.62 	 364481.00 	 0.45 	 364481 	 1.79	 388310 	 0.00 	 0.00 	 0.00 
91 	 352197.00 	 3.04 	 352197.00 	 0.49 	 352197 	 1.82	 382177 	 0.00 	 0.00 	 0.00 
92 	 362529.00 	 2.75 	 362529.00 	 0.43 	 362529 	 1.83	 384200 	 0.00 	 0.00 	 0.00 
93 	 364715.00 	 2.71 	 364715.00 	 0.45 	 364715 	 1.77	 389878 	 0.00 	 0.00 	 0.00 
94 	 326940.00 	 2.56 	 326940.00 	 0.43 	 326940 	 1.77	 350858 	 0.00 	 0.00 	 0.00 
95 	 378072.00 	 2.80 	 378072.00 	 0.45 	 378072 	 1.80	 409560 	 0.00 	 0.00 	 0.00 
96 	 337505.00 	 3.49 	 337505.00 	 0.45 	 337505 	 1.79	 363688 	 0.00 	 0.00 	 0.00 
97 	 394490.00 	 2.35 	 394490.00 	 0.46 	 394490 	 1.78	 416685 	 0.00 	 0.00 	 0.00 
98 	 378525.00 	 2.73 	 378525.00 	 0.44 	 378525 	 1.81	 409197 	 0.00 	 0.00 	 0.00 
99 	 355133.00 	 3.11 	 355133.00 	 0.46 	 355133 	 1.79	 375263 	 0.00 	 0.00 	 0.00 
100 	 365780.00 	 2.93 	 365780.00 	 0.47 	 365780 	 1.78	 390869 	 0.00 	 0.00 	 0.00 
