Instance 	 ip_model 	 	 lr_model 	 	 greedy 	 	 UB 	 
 	 objval 	 time 	 objval 	 time 	 objval 	 time 	 objval 	 time 
1 	 341238.00 	 2.37 	 341238.00 	 0.46 	 341238 	 1.13	 386288 	 0.00 	 0.00 	 0.00 
2 	 373755.00 	 1.82 	 373755.00 	 0.47 	 373755 	 1.12	 427102 	 0.00 	 0.00 	 0.00 
3 	 324409.00 	 1.62 	 324409.00 	 0.41 	 324409 	 0.97	 375809 	 0.00 	 0.00 	 0.00 
4 	 361637.00 	 1.82 	 361637.00 	 0.38 	 361637 	 0.95	 430044 	 0.00 	 0.00 	 0.00 
5 	 349418.00 	 1.44 	 349418.00 	 0.49 	 349418 	 1.10	 396111 	 0.00 	 0.00 	 0.00 
6 	 365810.00 	 2.57 	 365809.00 	 0.42 	 365810 	 0.99	 421880 	 0.00 	 0.00 	 1.00 
7 	 328865.00 	 1.71 	 328865.00 	 0.42 	 328865 	 0.96	 383833 	 0.00 	 0.00 	 0.00 
8 	 353769.00 	 1.84 	 353769.00 	 0.44 	 353769 	 0.96	 403329 	 0.00 	 0.00 	 0.00 
9 	 331327.00 	 1.66 	 331327.00 	 0.45 	 331327 	 1.11	 374866 	 0.00 	 0.00 	 0.00 
10 	 299541.00 	 2.10 	 299541.00 	 0.39 	 299541 	 0.94	 357390 	 0.00 	 0.00 	 0.00 
11 	 333858.00 	 1.61 	 333858.00 	 0.53 	 333858 	 1.14	 380311 	 0.00 	 0.00 	 0.00 
12 	 340996.00 	 1.60 	 340996.00 	 0.55 	 340998 	 1.12	 399938 	 0.00 	 2.00 	 0.00 
13 	 339095.00 	 1.68 	 339095.00 	 0.45 	 339095 	 1.13	 399264 	 0.00 	 0.00 	 0.00 
14 	 346766.00 	 1.60 	 346766.00 	 0.46 	 346766 	 1.10	 395256 	 0.00 	 0.00 	 0.00 
15 	 345745.00 	 1.55 	 345745.00 	 0.39 	 345745 	 0.95	 398449 	 0.00 	 0.00 	 0.00 
16 	 327076.00 	 1.82 	 327076.00 	 0.49 	 327076 	 1.17	 382708 	 0.00 	 0.00 	 0.00 
17 	 344457.00 	 1.56 	 344457.00 	 0.42 	 344461 	 0.97	 399287 	 0.00 	 4.00 	 0.00 
18 	 346878.00 	 2.77 	 346876.50 	 0.40 	 346878 	 1.12	 396425 	 0.00 	 0.00 	 1.50 
19 	 343782.00 	 1.56 	 343782.00 	 0.44 	 343782 	 1.13	 393301 	 0.00 	 0.00 	 0.00 
20 	 307006.00 	 1.88 	 307006.00 	 0.41 	 307006 	 1.16	 366616 	 0.00 	 0.00 	 0.00 
21 	 354845.00 	 1.64 	 354845.00 	 0.39 	 354845 	 0.95	 403808 	 0.00 	 0.00 	 0.00 
22 	 359149.00 	 2.17 	 359149.00 	 0.45 	 359149 	 1.11	 414620 	 0.00 	 0.00 	 0.00 
23 	 366171.00 	 1.48 	 366171.00 	 0.38 	 366171 	 0.91	 408406 	 0.00 	 0.00 	 0.00 
24 	 339034.00 	 1.64 	 339034.00 	 0.45 	 339034 	 1.11	 378623 	 0.00 	 0.00 	 0.00 
25 	 307664.00 	 1.52 	 307664.00 	 0.49 	 307664 	 1.15	 355814 	 0.00 	 0.00 	 0.00 
26 	 347925.00 	 2.05 	 347925.00 	 0.45 	 347925 	 1.12	 401373 	 0.00 	 0.00 	 0.00 
27 	 369822.00 	 3.14 	 369819.50 	 0.44 	 369822 	 1.13	 427317 	 0.00 	 0.00 	 2.50 
28 	 383625.00 	 1.80 	 383625.00 	 0.44 	 383625 	 1.09	 433026 	 0.00 	 0.00 	 0.00 
29 	 350138.00 	 1.80 	 350138.00 	 0.45 	 350138 	 1.13	 393287 	 0.00 	 0.00 	 0.00 
30 	 330601.00 	 2.58 	 330600.00 	 0.44 	 330601 	 0.96	 380284 	 0.00 	 0.00 	 1.00 
31 	 356945.00 	 1.59 	 356945.00 	 0.47 	 356945 	 1.13	 399840 	 0.00 	 0.00 	 0.00 
32 	 368444.00 	 1.50 	 368444.00 	 0.44 	 368444 	 0.94	 423480 	 0.00 	 0.00 	 0.00 
33 	 357336.00 	 1.32 	 357336.00 	 0.41 	 357336 	 0.95	 400892 	 0.00 	 0.00 	 0.00 
34 	 298521.00 	 1.74 	 298521.00 	 0.46 	 298521 	 1.15	 360906 	 0.00 	 0.00 	 0.00 
35 	 315650.00 	 2.11 	 315650.00 	 0.41 	 315650 	 1.14	 367690 	 0.00 	 0.00 	 0.00 
36 	 340393.00 	 1.71 	 340393.00 	 0.40 	 340393 	 1.13	 401460 	 0.00 	 0.00 	 0.00 
37 	 326564.00 	 1.86 	 326564.00 	 0.44 	 326564 	 0.95	 375899 	 0.00 	 0.00 	 0.00 
38 	 357937.00 	 1.27 	 357937.00 	 0.41 	 357937 	 1.13	 409255 	 0.00 	 0.00 	 0.00 
39 	 335882.00 	 1.58 	 335882.00 	 0.58 	 335882 	 1.17	 383967 	 0.00 	 0.00 	 0.00 
40 	 352345.00 	 1.51 	 352345.00 	 0.45 	 352345 	 0.97	 400194 	 0.00 	 0.00 	 0.00 
41 	 362921.00 	 1.52 	 362921.00 	 0.43 	 362921 	 0.96	 411355 	 0.00 	 0.00 	 0.00 
42 	 364661.00 	 1.68 	 364661.00 	 0.58 	 364661 	 1.15	 403292 	 0.00 	 0.00 	 0.00 
43 	 352961.00 	 1.58 	 352961.00 	 0.44 	 352961 	 0.96	 399884 	 0.00 	 0.00 	 0.00 
44 	 382694.00 	 1.34 	 382694.00 	 0.44 	 382694 	 1.03	 428224 	 0.00 	 0.00 	 0.00 
45 	 336645.00 	 1.56 	 336645.00 	 0.46 	 336645 	 0.97	 392061 	 0.00 	 0.00 	 0.00 
46 	 345780.00 	 1.35 	 345780.00 	 0.45 	 345780 	 1.14	 389420 	 0.00 	 0.00 	 0.00 
47 	 367586.00 	 1.68 	 367586.00 	 0.37 	 367586 	 0.95	 420683 	 0.00 	 0.00 	 0.00 
48 	 313828.00 	 1.33 	 313828.00 	 0.52 	 313828 	 1.13	 360000 	 0.00 	 0.00 	 0.00 
49 	 377485.00 	 1.47 	 377485.00 	 0.38 	 377489 	 0.90	 432805 	 0.00 	 4.00 	 0.00 
50 	 334725.00 	 1.53 	 334725.00 	 0.44 	 334725 	 1.11	 384622 	 0.00 	 0.00 	 0.00 
51 	 351374.00 	 1.50 	 351374.00 	 0.45 	 351374 	 0.96	 398824 	 0.00 	 0.00 	 0.00 
52 	 308697.00 	 1.94 	 308697.00 	 0.46 	 308697 	 1.12	 355791 	 0.00 	 0.00 	 0.00 
53 	 325620.00 	 2.05 	 325620.00 	 0.42 	 325620 	 1.20	 378449 	 0.00 	 0.00 	 0.00 
54 	 334222.00 	 2.72 	 334222.00 	 0.44 	 334222 	 0.97	 375324 	 0.00 	 0.00 	 0.00 
55 	 300783.00 	 1.74 	 300783.00 	 0.43 	 300783 	 1.10	 354339 	 0.00 	 0.00 	 0.00 
56 	 354791.00 	 1.60 	 354791.00 	 0.47 	 354797 	 0.97	 400936 	 0.00 	 6.00 	 0.00 
57 	 285967.00 	 1.93 	 285967.00 	 0.50 	 285967 	 1.13	 340059 	 0.00 	 0.00 	 0.00 
58 	 319966.00 	 2.12 	 319966.00 	 0.38 	 319966 	 0.94	 362214 	 0.00 	 0.00 	 0.00 
59 	 349710.00 	 1.86 	 349710.00 	 0.48 	 349710 	 1.13	 396757 	 0.00 	 0.00 	 0.00 
60 	 349219.00 	 2.56 	 349218.00 	 0.47 	 349219 	 1.14	 398659 	 0.00 	 0.00 	 1.00 
61 	 378094.00 	 1.58 	 378094.00 	 0.48 	 378094 	 1.12	 431572 	 0.00 	 0.00 	 0.00 
62 	 363157.00 	 1.39 	 363157.00 	 0.40 	 363157 	 0.95	 405666 	 0.00 	 0.00 	 0.00 
63 	 320442.00 	 2.01 	 320441.33 	 0.43 	 320442 	 0.96	 361096 	 0.00 	 0.00 	 0.67 
64 	 358939.00 	 3.19 	 358935.67 	 0.38 	 358939 	 1.14	 399865 	 0.00 	 0.00 	 3.33 
65 	 347982.00 	 2.07 	 347982.00 	 0.42 	 347982 	 0.96	 394295 	 0.00 	 0.00 	 0.00 
66 	 349599.00 	 3.53 	 349598.50 	 0.49 	 349599 	 0.95	 402425 	 0.00 	 0.00 	 0.50 
67 	 329257.00 	 1.54 	 329257.00 	 0.44 	 329257 	 1.14	 369298 	 0.00 	 0.00 	 0.00 
68 	 371996.00 	 1.98 	 371996.00 	 0.48 	 371996 	 0.98	 417658 	 0.00 	 0.00 	 0.00 
69 	 386472.00 	 1.64 	 386472.00 	 0.45 	 386472 	 0.96	 435615 	 0.00 	 0.00 	 0.00 
70 	 339324.00 	 1.70 	 339324.00 	 0.41 	 339324 	 0.96	 397733 	 0.00 	 0.00 	 0.00 
71 	 331273.00 	 1.45 	 331273.00 	 0.45 	 331273 	 0.96	 381311 	 0.00 	 0.00 	 0.00 
72 	 281416.00 	 1.66 	 281416.00 	 0.49 	 281416 	 1.14	 326532 	 0.00 	 0.00 	 0.00 
73 	 330745.00 	 1.64 	 330745.00 	 0.41 	 330745 	 1.15	 377148 	 0.00 	 0.00 	 0.00 
74 	 357794.00 	 1.57 	 357794.00 	 0.43 	 357794 	 0.96	 400713 	 0.00 	 0.00 	 0.00 
75 	 343179.00 	 2.82 	 343178.00 	 0.40 	 343179 	 0.95	 385314 	 0.00 	 0.00 	 1.00 
76 	 373991.00 	 1.34 	 373991.00 	 0.43 	 373991 	 1.13	 412498 	 0.00 	 0.00 	 0.00 
77 	 344227.00 	 1.66 	 344227.00 	 0.42 	 344227 	 1.10	 397105 	 0.00 	 0.00 	 0.00 
78 	 353605.00 	 3.08 	 353603.00 	 0.44 	 353605 	 1.08	 403266 	 0.00 	 0.00 	 2.00 
79 	 329595.00 	 1.91 	 329595.00 	 0.45 	 329595 	 1.08	 376713 	 0.00 	 0.00 	 0.00 
80 	 334571.00 	 2.40 	 334571.00 	 0.44 	 334571 	 0.95	 373030 	 0.00 	 0.00 	 0.00 
81 	 299212.00 	 2.01 	 299211.50 	 0.41 	 299213 	 1.90	 345071 	 0.00 	 1.00 	 0.50 
82 	 312046.00 	 1.39 	 312046.00 	 0.41 	 312046 	 0.97	 358290 	 0.00 	 0.00 	 0.00 
83 	 320156.00 	 1.75 	 320156.00 	 0.38 	 320156 	 0.97	 381051 	 0.00 	 0.00 	 0.00 
84 	 305531.00 	 2.83 	 305530.00 	 0.47 	 305531 	 1.13	 348150 	 0.00 	 0.00 	 1.00 
85 	 339833.00 	 1.74 	 339833.00 	 0.53 	 339833 	 1.18	 379229 	 0.00 	 0.00 	 0.00 
86 	 366539.00 	 1.29 	 366539.00 	 0.47 	 366539 	 1.15	 407393 	 0.00 	 0.00 	 0.00 
87 	 365892.00 	 1.55 	 365892.00 	 0.48 	 365892 	 0.96	 409844 	 0.00 	 0.00 	 0.00 
88 	 346307.00 	 1.38 	 346307.00 	 0.46 	 346307 	 0.96	 399907 	 0.00 	 0.00 	 0.00 
89 	 353353.00 	 1.45 	 353353.00 	 0.40 	 353353 	 0.93	 392013 	 0.00 	 0.00 	 0.00 
90 	 347446.00 	 1.22 	 347446.00 	 0.42 	 347446 	 1.13	 388310 	 0.00 	 0.00 	 0.00 
91 	 327055.00 	 1.61 	 327055.00 	 0.45 	 327055 	 1.12	 382177 	 0.00 	 0.00 	 0.00 
92 	 340028.00 	 2.10 	 340028.00 	 0.42 	 340028 	 0.95	 384200 	 0.00 	 0.00 	 0.00 
93 	 340890.00 	 1.92 	 340890.00 	 0.46 	 340890 	 0.91	 389878 	 0.00 	 0.00 	 0.00 
94 	 306391.00 	 1.03 	 306391.00 	 0.41 	 306395 	 0.90	 350858 	 0.00 	 4.00 	 0.00 
95 	 347009.00 	 1.97 	 347009.00 	 0.45 	 347009 	 1.13	 409560 	 0.00 	 0.00 	 0.00 
96 	 313678.00 	 1.50 	 313678.00 	 0.45 	 313678 	 1.02	 363688 	 0.00 	 0.00 	 0.00 
97 	 370242.00 	 1.98 	 370242.00 	 0.45 	 370242 	 1.15	 416685 	 0.00 	 0.00 	 0.00 
98 	 349847.00 	 2.83 	 349847.00 	 0.47 	 349847 	 1.14	 409197 	 0.00 	 0.00 	 0.00 
99 	 338946.00 	 1.55 	 338946.00 	 0.46 	 338946 	 1.14	 375263 	 0.00 	 0.00 	 0.00 
100 	 346225.00 	 1.53 	 346225.00 	 0.46 	 346225 	 1.14	 390869 	 0.00 	 0.00 	 0.00 
