Instance 	 ip_model 	 	 lr_model 	 	 greedy 	 	 UB 	 
 	 objval 	 time 	 objval 	 time 	 objval 	 time 	 objval 	 time 
1 	 347876.00 	 2.94 	 347876.00 	 0.46 	 347876 	 1.54	 386288 	 0.00 	 0.00 	 0.00 
2 	 379668.00 	 2.52 	 379668.00 	 0.63 	 379668 	 1.65	 427102 	 0.00 	 0.00 	 0.00 
3 	 329678.00 	 2.85 	 329678.00 	 0.49 	 329678 	 1.76	 375809 	 0.00 	 0.00 	 0.00 
4 	 368041.00 	 2.78 	 368041.00 	 0.48 	 368041 	 1.85	 430044 	 0.00 	 0.00 	 0.00 
5 	 354769.00 	 2.55 	 354769.00 	 0.41 	 354769 	 1.54	 396111 	 0.00 	 0.00 	 0.00 
6 	 371500.00 	 3.35 	 371500.00 	 0.46 	 371500 	 1.87	 421880 	 0.00 	 0.00 	 0.00 
7 	 334168.00 	 6.27 	 334150.75 	 0.45 	 334168 	 1.55	 383833 	 0.00 	 0.00 	 17.25 
8 	 359927.00 	 2.41 	 359927.00 	 0.44 	 359927 	 1.61	 403329 	 0.00 	 0.00 	 0.00 
9 	 334513.00 	 4.97 	 334505.50 	 0.48 	 334513 	 1.86	 374866 	 0.00 	 0.00 	 7.50 
10 	 304857.00 	 8.13 	 304849.25 	 0.52 	 304857 	 1.84	 357390 	 0.00 	 0.00 	 7.75 
11 	 338546.00 	 2.38 	 338546.00 	 0.47 	 338546 	 1.85	 380311 	 0.00 	 0.00 	 0.00 
12 	 346603.00 	 4.66 	 346600.00 	 0.47 	 346603 	 1.85	 399938 	 0.00 	 0.00 	 3.00 
13 	 346363.00 	 5.26 	 346361.50 	 0.48 	 346363 	 1.84	 399264 	 0.00 	 0.00 	 1.50 
14 	 352060.00 	 4.67 	 352055.00 	 0.46 	 352060 	 1.70	 395256 	 0.00 	 0.00 	 5.00 
15 	 351010.00 	 2.84 	 351010.00 	 0.46 	 351014 	 1.72	 398449 	 0.00 	 4.00 	 0.00 
16 	 331917.00 	 4.50 	 331910.00 	 0.46 	 331917 	 1.55	 382708 	 0.00 	 0.00 	 7.00 
17 	 349942.00 	 2.10 	 349942.00 	 0.47 	 349942 	 1.84	 399287 	 0.00 	 0.00 	 0.00 
18 	 351189.00 	 2.65 	 351189.00 	 0.46 	 351189 	 1.57	 396425 	 0.00 	 0.00 	 0.00 
19 	 349396.00 	 4.86 	 349384.00 	 0.45 	 349409 	 1.75	 393301 	 0.00 	 13.00 	 12.00 
20 	 313327.00 	 5.35 	 313318.33 	 0.51 	 313350 	 1.53	 366616 	 0.00 	 23.00 	 8.67 
21 	 358778.00 	 2.73 	 358778.00 	 0.48 	 358778 	 1.78	 403808 	 0.00 	 0.00 	 0.00 
22 	 365112.00 	 2.74 	 365112.00 	 0.55 	 365112 	 1.92	 414620 	 0.00 	 0.00 	 0.00 
23 	 370137.00 	 1.76 	 370137.00 	 0.44 	 370137 	 1.55	 408406 	 0.00 	 0.00 	 0.00 
24 	 342670.00 	 2.03 	 342670.00 	 0.45 	 342688 	 1.84	 378623 	 0.00 	 18.00 	 0.00 
25 	 312843.00 	 2.32 	 312843.00 	 0.50 	 312846 	 1.86	 355814 	 0.00 	 3.00 	 0.00 
26 	 353028.00 	 2.74 	 353028.00 	 0.45 	 353028 	 1.54	 401373 	 0.00 	 0.00 	 0.00 
27 	 374965.00 	 2.41 	 374965.00 	 0.62 	 374965 	 1.59	 427317 	 0.00 	 0.00 	 0.00 
28 	 389583.00 	 2.47 	 389583.00 	 0.51 	 389583 	 1.84	 433026 	 0.00 	 0.00 	 0.00 
29 	 353454.00 	 2.89 	 353454.00 	 0.49 	 353454 	 1.87	 393287 	 0.00 	 0.00 	 0.00 
30 	 335987.00 	 2.17 	 335987.00 	 0.42 	 335987 	 1.55	 380284 	 0.00 	 0.00 	 0.00 
31 	 361698.00 	 1.99 	 361698.00 	 0.53 	 361698 	 1.85	 399840 	 0.00 	 0.00 	 0.00 
32 	 373256.00 	 6.12 	 373243.50 	 0.46 	 373256 	 1.63	 423480 	 0.00 	 0.00 	 12.50 
33 	 361889.00 	 1.93 	 361889.00 	 0.43 	 361889 	 1.58	 400892 	 0.00 	 0.00 	 0.00 
34 	 304730.00 	 4.80 	 304720.50 	 0.49 	 304731 	 1.85	 360906 	 0.00 	 1.00 	 9.50 
35 	 322557.00 	 5.15 	 322550.33 	 0.48 	 322557 	 1.58	 367690 	 0.00 	 0.00 	 6.67 
36 	 346924.00 	 2.38 	 346924.00 	 0.45 	 346959 	 1.77	 401460 	 0.00 	 35.00 	 0.00 
37 	 332190.00 	 2.32 	 332190.00 	 0.47 	 332190 	 1.55	 375899 	 0.00 	 0.00 	 0.00 
38 	 362584.00 	 2.32 	 362584.00 	 0.44 	 362584 	 1.77	 409255 	 0.00 	 0.00 	 0.00 
39 	 340428.00 	 3.84 	 340422.50 	 0.46 	 340436 	 1.57	 383967 	 0.00 	 8.00 	 5.50 
40 	 356014.00 	 3.09 	 356014.00 	 0.49 	 356014 	 1.86	 400194 	 0.00 	 0.00 	 0.00 
41 	 366601.00 	 2.21 	 366601.00 	 0.56 	 366601 	 1.63	 411355 	 0.00 	 0.00 	 0.00 
42 	 367752.00 	 3.33 	 367746.50 	 0.53 	 367752 	 1.90	 403292 	 0.00 	 0.00 	 5.50 
43 	 357109.00 	 2.27 	 357109.00 	 0.47 	 357109 	 1.89	 399884 	 0.00 	 0.00 	 0.00 
44 	 387523.00 	 5.34 	 387514.33 	 0.61 	 387523 	 1.53	 428224 	 0.00 	 0.00 	 8.67 
45 	 342886.00 	 2.70 	 342886.00 	 0.44 	 342886 	 1.72	 392061 	 0.00 	 0.00 	 0.00 
46 	 348348.00 	 2.29 	 348348.00 	 0.46 	 348348 	 1.58	 389420 	 0.00 	 0.00 	 0.00 
47 	 372614.00 	 5.20 	 372610.00 	 0.47 	 372614 	 1.56	 420683 	 0.00 	 0.00 	 4.00 
48 	 317650.00 	 2.60 	 317650.00 	 0.52 	 317670 	 1.85	 360000 	 0.00 	 20.00 	 0.00 
49 	 382854.00 	 5.18 	 382843.00 	 0.51 	 382854 	 1.89	 432805 	 0.00 	 0.00 	 11.00 
50 	 338636.00 	 2.34 	 338636.00 	 0.40 	 338636 	 1.55	 384622 	 0.00 	 0.00 	 0.00 
51 	 355274.00 	 2.48 	 355274.00 	 0.48 	 355276 	 1.75	 398824 	 0.00 	 2.00 	 0.00 
52 	 313331.00 	 2.39 	 313331.00 	 0.49 	 313331 	 1.85	 355791 	 0.00 	 0.00 	 0.00 
53 	 331073.00 	 2.92 	 331073.00 	 0.50 	 331073 	 1.86	 378449 	 0.00 	 0.00 	 0.00 
54 	 338088.00 	 4.53 	 338080.00 	 0.50 	 338088 	 1.49	 375324 	 0.00 	 0.00 	 8.00 
55 	 306112.00 	 2.89 	 306112.00 	 0.39 	 306112 	 1.53	 354339 	 0.00 	 0.00 	 0.00 
56 	 359532.00 	 2.50 	 359532.00 	 0.54 	 359532 	 1.93	 400936 	 0.00 	 0.00 	 0.00 
57 	 290804.00 	 6.28 	 290800.50 	 0.55 	 290804 	 1.87	 340059 	 0.00 	 0.00 	 3.50 
58 	 324232.00 	 2.31 	 324232.00 	 0.51 	 324243 	 1.75	 362214 	 0.00 	 11.00 	 0.00 
59 	 354359.00 	 4.65 	 354348.00 	 0.45 	 354359 	 1.68	 396757 	 0.00 	 0.00 	 11.00 
60 	 354495.00 	 2.14 	 354495.00 	 0.50 	 354521 	 1.87	 398659 	 0.00 	 26.00 	 0.00 
61 	 383257.00 	 6.00 	 383239.00 	 0.52 	 383257 	 1.87	 431572 	 0.00 	 0.00 	 18.00 
62 	 366677.00 	 1.87 	 366677.00 	 0.43 	 366677 	 1.58	 405666 	 0.00 	 0.00 	 0.00 
63 	 324179.00 	 3.54 	 324179.00 	 0.49 	 324179 	 1.58	 361096 	 0.00 	 0.00 	 0.00 
64 	 362230.00 	 3.04 	 362230.00 	 0.46 	 362230 	 1.85	 399865 	 0.00 	 0.00 	 0.00 
65 	 354112.00 	 2.32 	 354112.00 	 0.48 	 354125 	 1.90	 394295 	 0.00 	 13.00 	 0.00 
66 	 355956.00 	 5.05 	 355949.00 	 0.50 	 355956 	 1.87	 402425 	 0.00 	 0.00 	 7.00 
67 	 333659.00 	 2.41 	 333659.00 	 0.43 	 333659 	 1.81	 369298 	 0.00 	 0.00 	 0.00 
68 	 376065.00 	 2.21 	 376065.00 	 0.44 	 376065 	 1.55	 417658 	 0.00 	 0.00 	 0.00 
69 	 391076.00 	 2.65 	 391076.00 	 0.46 	 391076 	 1.54	 435615 	 0.00 	 0.00 	 0.00 
70 	 344403.00 	 3.05 	 344403.00 	 0.50 	 344405 	 1.90	 397733 	 0.00 	 2.00 	 0.00 
71 	 335071.00 	 2.68 	 335071.00 	 0.47 	 335071 	 1.54	 381311 	 0.00 	 0.00 	 0.00 
72 	 286059.00 	 2.09 	 286059.00 	 0.44 	 286061 	 1.86	 326532 	 0.00 	 2.00 	 0.00 
73 	 333649.00 	 2.60 	 333649.00 	 0.52 	 333649 	 1.91	 377148 	 0.00 	 0.00 	 0.00 
74 	 361644.00 	 2.51 	 361644.00 	 0.46 	 361644 	 1.72	 400713 	 0.00 	 0.00 	 0.00 
75 	 347317.00 	 4.21 	 347315.00 	 0.51 	 347317 	 1.71	 385314 	 0.00 	 0.00 	 2.00 
76 	 377927.00 	 2.23 	 377927.00 	 0.47 	 377927 	 1.58	 412498 	 0.00 	 0.00 	 0.00 
77 	 348780.00 	 1.96 	 348780.00 	 0.44 	 348780 	 1.83	 397105 	 0.00 	 0.00 	 0.00 
78 	 358657.00 	 2.24 	 358657.00 	 0.50 	 358657 	 1.56	 403266 	 0.00 	 0.00 	 0.00 
79 	 334794.00 	 2.98 	 334794.00 	 0.47 	 334794 	 1.87	 376713 	 0.00 	 0.00 	 0.00 
80 	 339884.00 	 4.58 	 339879.50 	 0.52 	 339893 	 1.86	 373030 	 0.00 	 9.00 	 4.50 
81 	 303530.00 	 5.16 	 303516.50 	 0.56 	 303530 	 1.87	 345071 	 0.00 	 0.00 	 13.50 
82 	 316745.00 	 5.16 	 316740.33 	 0.48 	 316745 	 1.69	 358290 	 0.00 	 0.00 	 4.67 
83 	 327245.00 	 2.27 	 327245.00 	 0.45 	 327245 	 1.85	 381051 	 0.00 	 0.00 	 0.00 
84 	 309218.00 	 2.75 	 309218.00 	 0.48 	 309218 	 1.83	 348150 	 0.00 	 0.00 	 0.00 
85 	 343200.00 	 2.44 	 343200.00 	 0.46 	 343200 	 1.55	 379229 	 0.00 	 0.00 	 0.00 
86 	 370427.00 	 2.44 	 370427.00 	 0.46 	 370427 	 1.63	 407393 	 0.00 	 0.00 	 0.00 
87 	 370244.00 	 2.48 	 370244.00 	 0.54 	 370244 	 1.99	 409844 	 0.00 	 0.00 	 0.00 
88 	 351358.00 	 4.15 	 351348.50 	 0.46 	 351371 	 1.86	 399907 	 0.00 	 13.00 	 9.50 
89 	 356613.00 	 2.34 	 356613.00 	 0.46 	 356613 	 1.69	 392013 	 0.00 	 0.00 	 0.00 
90 	 349646.00 	 2.29 	 349646.00 	 0.50 	 349646 	 1.53	 388310 	 0.00 	 0.00 	 0.00 
91 	 332378.00 	 3.11 	 332378.00 	 0.48 	 332378 	 1.77	 382177 	 0.00 	 0.00 	 0.00 
92 	 345768.00 	 2.19 	 345768.00 	 0.49 	 345768 	 1.75	 384200 	 0.00 	 0.00 	 0.00 
93 	 346625.00 	 4.97 	 346620.00 	 0.52 	 346625 	 1.83	 389878 	 0.00 	 0.00 	 5.00 
94 	 310252.00 	 2.03 	 310252.00 	 0.45 	 310252 	 1.66	 350858 	 0.00 	 0.00 	 0.00 
95 	 353453.00 	 2.15 	 353453.00 	 0.45 	 353453 	 1.72	 409560 	 0.00 	 0.00 	 0.00 
96 	 318498.00 	 5.18 	 318486.00 	 0.47 	 318498 	 1.56	 363688 	 0.00 	 0.00 	 12.00 
97 	 376037.00 	 2.51 	 376037.00 	 0.40 	 376037 	 1.54	 416685 	 0.00 	 0.00 	 0.00 
98 	 356656.00 	 5.19 	 356635.50 	 0.48 	 356656 	 1.75	 409197 	 0.00 	 0.00 	 20.50 
99 	 342277.00 	 4.21 	 342269.00 	 0.46 	 342277 	 1.52	 375263 	 0.00 	 0.00 	 8.00 
100 	 350764.00 	 2.16 	 350764.00 	 0.45 	 350764 	 1.53	 390869 	 0.00 	 0.00 	 0.00 
