Instance 	 ip_model 	 	 lr_model 	 	 greedy 	 	 UB 	 
 	 objval 	 time 	 objval 	 time 	 objval 	 time 	 objval 	 time 
1 	 340637.00 	 1.84 	 340637.00 	 0.69 	 340637 	 0.69	 386288 	 0.00 	 0.00 	 0.00 
2 	 373141.00 	 2.11 	 373141.00 	 0.65 	 373141 	 0.58	 427102 	 0.00 	 0.00 	 0.00 
3 	 323872.00 	 2.31 	 323872.00 	 0.67 	 323872 	 0.58	 375809 	 0.00 	 0.00 	 0.00 
4 	 360997.00 	 2.11 	 360997.00 	 0.69 	 360997 	 0.58	 430044 	 0.00 	 0.00 	 0.00 
5 	 348929.00 	 2.10 	 348929.00 	 0.60 	 348929 	 0.57	 396111 	 0.00 	 0.00 	 0.00 
6 	 365329.00 	 2.10 	 365328.50 	 0.68 	 365329 	 0.59	 421880 	 0.00 	 0.00 	 0.50 
7 	 328205.00 	 1.81 	 328205.00 	 0.65 	 328205 	 0.58	 383833 	 0.00 	 0.00 	 0.00 
8 	 353208.00 	 2.57 	 353208.00 	 0.67 	 353208 	 0.58	 403329 	 0.00 	 0.00 	 0.00 
9 	 331150.00 	 1.93 	 331150.00 	 0.68 	 331150 	 0.57	 374866 	 0.00 	 0.00 	 0.00 
10 	 299204.00 	 2.76 	 299204.00 	 0.70 	 299204 	 0.57	 357390 	 0.00 	 0.00 	 0.00 
11 	 333280.00 	 2.04 	 333280.00 	 0.64 	 333280 	 0.63	 380311 	 0.00 	 0.00 	 0.00 
12 	 340509.00 	 2.31 	 340509.00 	 0.74 	 340509 	 0.59	 399938 	 0.00 	 0.00 	 0.00 
13 	 338163.00 	 2.46 	 338163.00 	 0.55 	 338163 	 0.59	 399264 	 0.00 	 0.00 	 0.00 
14 	 345993.00 	 2.36 	 345993.00 	 0.67 	 345993 	 0.58	 395256 	 0.00 	 0.00 	 0.00 
15 	 345304.00 	 2.19 	 345304.00 	 0.64 	 345304 	 0.63	 398449 	 0.00 	 0.00 	 0.00 
16 	 326660.00 	 2.03 	 326660.00 	 0.54 	 326660 	 0.61	 382708 	 0.00 	 0.00 	 0.00 
17 	 344042.00 	 2.14 	 344042.00 	 0.59 	 344042 	 0.61	 399287 	 0.00 	 0.00 	 0.00 
18 	 346356.00 	 2.83 	 346356.00 	 0.59 	 346357 	 0.63	 396425 	 0.00 	 1.00 	 0.00 
19 	 343169.00 	 2.03 	 343169.00 	 0.54 	 343169 	 0.58	 393301 	 0.00 	 0.00 	 0.00 
20 	 306321.00 	 2.62 	 306321.00 	 0.69 	 306321 	 0.58	 366616 	 0.00 	 0.00 	 0.00 
21 	 354495.00 	 2.95 	 354495.00 	 0.68 	 354495 	 0.59	 403808 	 0.00 	 0.00 	 0.00 
22 	 358556.00 	 1.81 	 358556.00 	 0.57 	 358556 	 0.60	 414620 	 0.00 	 0.00 	 0.00 
23 	 365857.00 	 1.96 	 365857.00 	 0.60 	 365857 	 0.58	 408406 	 0.00 	 0.00 	 0.00 
24 	 338631.00 	 3.05 	 338631.00 	 0.57 	 338631 	 0.58	 378623 	 0.00 	 0.00 	 0.00 
25 	 307229.00 	 1.71 	 307229.00 	 0.64 	 307229 	 0.57	 355814 	 0.00 	 0.00 	 0.00 
26 	 347387.00 	 1.99 	 347387.00 	 0.69 	 347387 	 0.59	 401373 	 0.00 	 0.00 	 0.00 
27 	 369360.00 	 1.94 	 369360.00 	 0.56 	 369360 	 0.58	 427317 	 0.00 	 0.00 	 0.00 
28 	 382899.00 	 2.30 	 382899.00 	 0.71 	 382899 	 0.59	 433026 	 0.00 	 0.00 	 0.00 
29 	 349826.00 	 2.03 	 349826.00 	 0.68 	 349826 	 0.57	 393287 	 0.00 	 0.00 	 0.00 
30 	 330093.00 	 2.17 	 330093.00 	 0.65 	 330093 	 0.57	 380284 	 0.00 	 0.00 	 0.00 
31 	 356178.00 	 2.39 	 356178.00 	 0.70 	 356178 	 0.59	 399840 	 0.00 	 0.00 	 0.00 
32 	 368025.00 	 2.19 	 368025.00 	 0.70 	 368025 	 0.57	 423480 	 0.00 	 0.00 	 0.00 
33 	 356754.00 	 1.92 	 356754.00 	 0.67 	 356754 	 0.58	 400892 	 0.00 	 0.00 	 0.00 
34 	 298053.00 	 2.01 	 298053.00 	 0.59 	 298053 	 0.57	 360906 	 0.00 	 0.00 	 0.00 
35 	 315026.00 	 3.07 	 315026.00 	 0.65 	 315026 	 0.58	 367690 	 0.00 	 0.00 	 0.00 
36 	 339900.00 	 2.25 	 339900.00 	 0.50 	 339900 	 0.59	 401460 	 0.00 	 0.00 	 0.00 
37 	 326128.00 	 2.13 	 326128.00 	 0.60 	 326128 	 0.65	 375899 	 0.00 	 0.00 	 0.00 
38 	 357219.00 	 2.26 	 357219.00 	 0.66 	 357219 	 0.58	 409255 	 0.00 	 0.00 	 0.00 
39 	 335351.00 	 3.36 	 335350.50 	 0.67 	 335351 	 0.58	 383967 	 0.00 	 0.00 	 0.50 
40 	 351994.00 	 2.00 	 351994.00 	 0.51 	 351994 	 0.58	 400194 	 0.00 	 0.00 	 0.00 
41 	 362353.00 	 2.32 	 362353.00 	 0.59 	 362353 	 0.59	 411355 	 0.00 	 0.00 	 0.00 
42 	 364425.00 	 3.33 	 364425.00 	 0.71 	 364425 	 0.61	 403292 	 0.00 	 0.00 	 0.00 
43 	 352631.00 	 2.01 	 352631.00 	 0.69 	 352631 	 0.58	 399884 	 0.00 	 0.00 	 0.00 
44 	 382130.00 	 1.88 	 382130.00 	 0.65 	 382130 	 0.64	 428224 	 0.00 	 0.00 	 0.00 
45 	 336157.00 	 2.26 	 336157.00 	 0.64 	 336157 	 0.58	 392061 	 0.00 	 0.00 	 0.00 
46 	 345523.00 	 1.94 	 345523.00 	 0.76 	 345523 	 0.60	 389420 	 0.00 	 0.00 	 0.00 
47 	 367184.00 	 2.46 	 367184.00 	 0.56 	 367184 	 0.58	 420683 	 0.00 	 0.00 	 0.00 
48 	 313529.00 	 2.91 	 313528.00 	 0.51 	 313529 	 0.57	 360000 	 0.00 	 0.00 	 1.00 
49 	 376667.00 	 2.36 	 376667.00 	 0.69 	 376667 	 0.58	 432805 	 0.00 	 0.00 	 0.00 
50 	 334363.00 	 2.09 	 334363.00 	 0.61 	 334363 	 0.57	 384622 	 0.00 	 0.00 	 0.00 
51 	 350974.00 	 1.92 	 350974.00 	 0.60 	 350974 	 0.59	 398824 	 0.00 	 0.00 	 0.00 
52 	 308348.00 	 1.82 	 308348.00 	 0.50 	 308348 	 0.58	 355791 	 0.00 	 0.00 	 0.00 
53 	 325196.00 	 2.15 	 325196.00 	 0.61 	 325196 	 0.64	 378449 	 0.00 	 0.00 	 0.00 
54 	 333651.00 	 1.92 	 333651.00 	 0.59 	 333651 	 0.57	 375324 	 0.00 	 0.00 	 0.00 
55 	 300161.00 	 2.16 	 300161.00 	 0.63 	 300161 	 0.58	 354339 	 0.00 	 0.00 	 0.00 
56 	 354298.00 	 2.43 	 354298.00 	 0.68 	 354298 	 0.59	 400936 	 0.00 	 0.00 	 0.00 
57 	 285752.00 	 2.18 	 285752.00 	 0.57 	 285752 	 0.57	 340059 	 0.00 	 0.00 	 0.00 
58 	 319639.00 	 2.14 	 319639.00 	 0.64 	 319639 	 0.57	 362214 	 0.00 	 0.00 	 0.00 
59 	 349322.00 	 2.14 	 349322.00 	 0.64 	 349322 	 0.58	 396757 	 0.00 	 0.00 	 0.00 
60 	 348523.00 	 2.04 	 348523.00 	 0.56 	 348523 	 0.59	 398659 	 0.00 	 0.00 	 0.00 
61 	 377762.00 	 2.82 	 377762.00 	 0.68 	 377762 	 0.60	 431572 	 0.00 	 0.00 	 0.00 
62 	 362970.00 	 2.19 	 362970.00 	 0.72 	 362970 	 0.59	 405666 	 0.00 	 0.00 	 0.00 
63 	 320114.00 	 1.90 	 320114.00 	 0.71 	 320114 	 0.64	 361096 	 0.00 	 0.00 	 0.00 
64 	 358530.00 	 2.70 	 358530.00 	 0.51 	 358530 	 0.57	 399865 	 0.00 	 0.00 	 0.00 
65 	 347409.00 	 2.11 	 347409.00 	 0.63 	 347409 	 0.58	 394295 	 0.00 	 0.00 	 0.00 
66 	 348673.00 	 2.17 	 348673.00 	 0.67 	 348673 	 0.60	 402425 	 0.00 	 0.00 	 0.00 
67 	 328967.00 	 1.79 	 328967.00 	 0.55 	 328967 	 0.62	 369298 	 0.00 	 0.00 	 0.00 
68 	 371518.00 	 2.11 	 371518.00 	 0.75 	 371518 	 0.60	 417658 	 0.00 	 0.00 	 0.00 
69 	 386285.00 	 2.50 	 386285.00 	 0.70 	 386285 	 0.58	 435615 	 0.00 	 0.00 	 0.00 
70 	 338750.00 	 2.27 	 338750.00 	 0.60 	 338750 	 0.57	 397733 	 0.00 	 0.00 	 0.00 
71 	 330714.00 	 2.21 	 330714.00 	 0.61 	 330714 	 0.62	 381311 	 0.00 	 0.00 	 0.00 
72 	 281069.00 	 1.97 	 281069.00 	 0.68 	 281069 	 0.58	 326532 	 0.00 	 0.00 	 0.00 
73 	 330520.00 	 2.01 	 330520.00 	 0.58 	 330520 	 0.58	 377148 	 0.00 	 0.00 	 0.00 
74 	 357490.00 	 2.40 	 357490.00 	 0.61 	 357490 	 0.58	 400713 	 0.00 	 0.00 	 0.00 
75 	 342693.00 	 3.17 	 342692.50 	 0.70 	 342693 	 0.58	 385314 	 0.00 	 0.00 	 0.50 
76 	 373739.00 	 3.15 	 373738.00 	 0.54 	 373739 	 0.58	 412498 	 0.00 	 0.00 	 1.00 
77 	 343941.00 	 2.10 	 343941.00 	 0.62 	 343941 	 0.58	 397105 	 0.00 	 0.00 	 0.00 
78 	 353102.00 	 1.93 	 353102.00 	 0.67 	 353102 	 0.57	 403266 	 0.00 	 0.00 	 0.00 
79 	 328961.00 	 2.87 	 328961.00 	 0.63 	 328961 	 0.59	 376713 	 0.00 	 0.00 	 0.00 
80 	 333891.00 	 2.45 	 333891.00 	 0.59 	 333891 	 0.57	 373030 	 0.00 	 0.00 	 0.00 
81 	 298847.00 	 2.55 	 298847.00 	 0.66 	 298847 	 0.63	 345071 	 0.00 	 0.00 	 0.00 
82 	 311618.00 	 2.25 	 311618.00 	 0.62 	 311618 	 0.64	 358290 	 0.00 	 0.00 	 0.00 
83 	 319255.00 	 2.03 	 319255.00 	 0.62 	 319255 	 0.61	 381051 	 0.00 	 0.00 	 0.00 
84 	 305269.00 	 2.06 	 305269.00 	 0.60 	 305269 	 0.59	 348150 	 0.00 	 0.00 	 0.00 
85 	 339286.00 	 2.11 	 339286.00 	 0.71 	 339286 	 0.57	 379229 	 0.00 	 0.00 	 0.00 
86 	 366046.00 	 2.23 	 366046.00 	 0.54 	 366046 	 0.57	 407393 	 0.00 	 0.00 	 0.00 
87 	 365572.00 	 2.16 	 365572.00 	 0.65 	 365572 	 0.57	 409844 	 0.00 	 0.00 	 0.00 
88 	 345780.00 	 2.37 	 345780.00 	 0.73 	 345780 	 0.59	 399907 	 0.00 	 0.00 	 0.00 
89 	 352957.00 	 2.08 	 352957.00 	 0.60 	 352957 	 0.59	 392013 	 0.00 	 0.00 	 0.00 
90 	 347260.00 	 2.00 	 347260.00 	 0.65 	 347260 	 0.59	 388310 	 0.00 	 0.00 	 0.00 
91 	 326566.00 	 2.07 	 326566.00 	 0.68 	 326566 	 0.59	 382177 	 0.00 	 0.00 	 0.00 
92 	 339306.00 	 2.20 	 339306.00 	 0.59 	 339306 	 0.59	 384200 	 0.00 	 0.00 	 0.00 
93 	 340106.00 	 2.51 	 340106.00 	 0.70 	 340106 	 0.58	 389878 	 0.00 	 0.00 	 0.00 
94 	 305995.00 	 2.19 	 305995.00 	 0.64 	 305995 	 0.62	 350858 	 0.00 	 0.00 	 0.00 
95 	 345958.00 	 2.51 	 345958.00 	 0.68 	 345958 	 0.58	 409560 	 0.00 	 0.00 	 0.00 
96 	 313411.00 	 2.35 	 313411.00 	 0.66 	 313411 	 0.61	 363688 	 0.00 	 0.00 	 0.00 
97 	 369587.00 	 2.39 	 369587.00 	 0.65 	 369587 	 0.57	 416685 	 0.00 	 0.00 	 0.00 
98 	 349045.00 	 3.26 	 349044.50 	 0.70 	 349046 	 0.61	 409197 	 0.00 	 1.00 	 0.50 
99 	 338742.00 	 2.16 	 338742.00 	 0.71 	 338742 	 0.58	 375263 	 0.00 	 0.00 	 0.00 
100 	 345743.00 	 2.20 	 345743.00 	 0.59 	 345743 	 0.58	 390869 	 0.00 	 0.00 	 0.00 
