Instance 	 ip_model 	 	 lr_model 	 	 greedy 	 	 UB 	 
 	 objval 	 time 	 objval 	 time 	 objval 	 time 	 objval 	 time 
1 	 343597.00 	 3.20 	 343597.00 	 0.45 	 343597 	 1.32	 386288 	 0.00 	 0.00 	 0.00 
2 	 375840.00 	 4.04 	 375831.50 	 0.49 	 375840 	 2.17	 427102 	 0.00 	 0.00 	 8.50 
3 	 325989.00 	 3.88 	 325986.00 	 0.46 	 325989 	 1.54	 375809 	 0.00 	 0.00 	 3.00 
4 	 363580.00 	 2.19 	 363580.00 	 0.53 	 363580 	 1.48	 430044 	 0.00 	 0.00 	 0.00 
5 	 351098.00 	 1.91 	 351098.00 	 0.46 	 351098 	 1.52	 396111 	 0.00 	 0.00 	 0.00 
6 	 367450.00 	 2.19 	 367450.00 	 0.49 	 367450 	 1.51	 421880 	 0.00 	 0.00 	 0.00 
7 	 330246.00 	 1.66 	 330246.00 	 0.48 	 330246 	 1.51	 383833 	 0.00 	 0.00 	 0.00 
8 	 355307.00 	 4.78 	 355304.33 	 0.44 	 355307 	 1.58	 403329 	 0.00 	 0.00 	 2.67 
9 	 332260.00 	 2.77 	 332257.50 	 0.62 	 332262 	 1.51	 374866 	 0.00 	 2.00 	 2.50 
10 	 301079.00 	 1.63 	 301079.00 	 0.44 	 301079 	 1.54	 357390 	 0.00 	 0.00 	 0.00 
11 	 335449.00 	 2.05 	 335449.00 	 0.46 	 335449 	 1.34	 380311 	 0.00 	 0.00 	 0.00 
12 	 342432.00 	 2.03 	 342432.00 	 0.42 	 342432 	 1.55	 399938 	 0.00 	 0.00 	 0.00 
13 	 341311.00 	 2.22 	 341311.00 	 0.50 	 341311 	 1.52	 399264 	 0.00 	 0.00 	 0.00 
14 	 348476.00 	 2.17 	 348476.00 	 0.46 	 348476 	 1.31	 395256 	 0.00 	 0.00 	 0.00 
15 	 347364.00 	 3.41 	 347362.00 	 0.43 	 347364 	 1.51	 398449 	 0.00 	 0.00 	 2.00 
16 	 328409.00 	 1.89 	 328409.00 	 0.51 	 328409 	 1.49	 382708 	 0.00 	 0.00 	 0.00 
17 	 346043.00 	 2.43 	 346043.00 	 0.41 	 346043 	 1.29	 399287 	 0.00 	 0.00 	 0.00 
18 	 348362.00 	 3.16 	 348361.50 	 0.45 	 348362 	 1.53	 396425 	 0.00 	 0.00 	 0.50 
19 	 345504.00 	 2.14 	 345504.00 	 0.45 	 345504 	 1.54	 393301 	 0.00 	 0.00 	 0.00 
20 	 309135.00 	 2.11 	 309135.00 	 0.48 	 309135 	 1.53	 366616 	 0.00 	 0.00 	 0.00 
21 	 356036.00 	 2.07 	 356036.00 	 0.42 	 356036 	 1.30	 403808 	 0.00 	 0.00 	 0.00 
22 	 361129.00 	 1.98 	 361129.00 	 0.41 	 361129 	 1.53	 414620 	 0.00 	 0.00 	 0.00 
23 	 367581.00 	 1.89 	 367581.00 	 0.46 	 367581 	 1.32	 408406 	 0.00 	 0.00 	 0.00 
24 	 340111.00 	 1.80 	 340111.00 	 0.42 	 340111 	 1.53	 378623 	 0.00 	 0.00 	 0.00 
25 	 309301.00 	 3.94 	 309298.00 	 0.44 	 309303 	 1.54	 355814 	 0.00 	 2.00 	 3.00 
26 	 349453.00 	 3.78 	 349449.50 	 0.44 	 349453 	 1.33	 401373 	 0.00 	 0.00 	 3.50 
27 	 371176.00 	 2.22 	 371176.00 	 0.50 	 371176 	 1.55	 427317 	 0.00 	 0.00 	 0.00 
28 	 385385.00 	 1.87 	 385385.00 	 0.43 	 385385 	 1.47	 433026 	 0.00 	 0.00 	 0.00 
29 	 351226.00 	 1.72 	 351226.00 	 0.47 	 351226 	 1.61	 393287 	 0.00 	 0.00 	 0.00 
30 	 332076.00 	 3.41 	 332074.50 	 0.43 	 332076 	 1.50	 380284 	 0.00 	 0.00 	 1.50 
31 	 358738.00 	 3.18 	 358735.50 	 0.43 	 358738 	 1.32	 399840 	 0.00 	 0.00 	 2.50 
32 	 369934.00 	 1.86 	 369934.00 	 0.52 	 369934 	 1.53	 423480 	 0.00 	 0.00 	 0.00 
33 	 358751.00 	 2.01 	 358751.00 	 0.47 	 358751 	 1.30	 400892 	 0.00 	 0.00 	 0.00 
34 	 300321.00 	 1.61 	 300321.00 	 0.48 	 300321 	 1.56	 360906 	 0.00 	 0.00 	 0.00 
35 	 317919.00 	 1.90 	 317919.00 	 0.44 	 317919 	 1.32	 367690 	 0.00 	 0.00 	 0.00 
36 	 342072.00 	 2.02 	 342072.00 	 0.42 	 342072 	 1.31	 401460 	 0.00 	 0.00 	 0.00 
37 	 328563.00 	 3.69 	 328562.33 	 0.41 	 328563 	 1.30	 375899 	 0.00 	 0.00 	 0.67 
38 	 359363.00 	 1.86 	 359363.00 	 0.44 	 359363 	 1.33	 409255 	 0.00 	 0.00 	 0.00 
39 	 337400.00 	 1.93 	 337400.00 	 0.46 	 337400 	 1.51	 383967 	 0.00 	 0.00 	 0.00 
40 	 353526.00 	 3.25 	 353523.50 	 0.43 	 353526 	 1.53	 400194 	 0.00 	 0.00 	 2.50 
41 	 364246.00 	 1.60 	 364246.00 	 0.52 	 364246 	 1.52	 411355 	 0.00 	 0.00 	 0.00 
42 	 365525.00 	 2.91 	 365524.50 	 0.43 	 365525 	 1.32	 403292 	 0.00 	 0.00 	 0.50 
43 	 354052.00 	 2.22 	 354052.00 	 0.43 	 354052 	 1.54	 399884 	 0.00 	 0.00 	 0.00 
44 	 384203.00 	 1.81 	 384203.00 	 0.46 	 384203 	 1.51	 428224 	 0.00 	 0.00 	 0.00 
45 	 338791.00 	 2.20 	 338791.00 	 0.46 	 338791 	 1.31	 392061 	 0.00 	 0.00 	 0.00 
46 	 346394.00 	 1.19 	 346394.00 	 0.49 	 346394 	 1.30	 389420 	 0.00 	 0.00 	 0.00 
47 	 368864.00 	 2.42 	 368864.00 	 0.44 	 368864 	 1.34	 420683 	 0.00 	 0.00 	 0.00 
48 	 314959.00 	 1.64 	 314959.00 	 0.39 	 314959 	 1.32	 360000 	 0.00 	 0.00 	 0.00 
49 	 378910.00 	 1.69 	 378910.00 	 0.45 	 378910 	 1.54	 432805 	 0.00 	 0.00 	 0.00 
50 	 335969.00 	 1.73 	 335969.00 	 0.44 	 335969 	 1.49	 384622 	 0.00 	 0.00 	 0.00 
51 	 352431.00 	 2.80 	 352429.67 	 0.52 	 352433 	 1.57	 398824 	 0.00 	 2.00 	 1.33 
52 	 309913.00 	 3.10 	 309912.50 	 0.53 	 309913 	 1.55	 355791 	 0.00 	 0.00 	 0.50 
53 	 327338.00 	 2.00 	 327338.00 	 0.45 	 327338 	 1.47	 378449 	 0.00 	 0.00 	 0.00 
54 	 335684.00 	 2.94 	 335683.00 	 0.46 	 335684 	 1.54	 375324 	 0.00 	 0.00 	 1.00 
55 	 302510.00 	 3.84 	 302503.67 	 0.41 	 302510 	 1.53	 354339 	 0.00 	 0.00 	 6.33 
56 	 356261.00 	 3.45 	 356255.00 	 0.46 	 356261 	 1.56	 400936 	 0.00 	 0.00 	 6.00 
57 	 287178.00 	 2.62 	 287178.00 	 0.42 	 287178 	 1.47	 340059 	 0.00 	 0.00 	 0.00 
58 	 321229.00 	 1.91 	 321229.00 	 0.52 	 321229 	 1.56	 362214 	 0.00 	 0.00 	 0.00 
59 	 351234.00 	 1.80 	 351234.00 	 0.50 	 351234 	 1.34	 396757 	 0.00 	 0.00 	 0.00 
60 	 351099.00 	 1.65 	 351099.00 	 0.48 	 351099 	 1.50	 398659 	 0.00 	 0.00 	 0.00 
61 	 379204.00 	 1.91 	 379204.00 	 0.47 	 379204 	 1.54	 431572 	 0.00 	 0.00 	 0.00 
62 	 364068.00 	 1.65 	 364068.00 	 0.44 	 364068 	 1.48	 405666 	 0.00 	 0.00 	 0.00 
63 	 321531.00 	 1.69 	 321531.00 	 0.45 	 321531 	 1.34	 361096 	 0.00 	 0.00 	 0.00 
64 	 359986.00 	 2.08 	 359986.00 	 0.44 	 359986 	 1.32	 399865 	 0.00 	 0.00 	 0.00 
65 	 350059.00 	 2.16 	 350059.00 	 0.45 	 350059 	 1.32	 394295 	 0.00 	 0.00 	 0.00 
66 	 351981.00 	 1.90 	 351981.00 	 0.45 	 351981 	 1.30	 402425 	 0.00 	 0.00 	 0.00 
67 	 330609.00 	 2.96 	 330607.50 	 0.44 	 330609 	 1.33	 369298 	 0.00 	 0.00 	 1.50 
68 	 373252.00 	 1.75 	 373252.00 	 0.51 	 373252 	 1.56	 417658 	 0.00 	 0.00 	 0.00 
69 	 387896.00 	 2.05 	 387896.00 	 0.43 	 387896 	 1.30	 435615 	 0.00 	 0.00 	 0.00 
70 	 340733.00 	 1.60 	 340733.00 	 0.46 	 340733 	 1.53	 397733 	 0.00 	 0.00 	 0.00 
71 	 332438.00 	 2.02 	 332438.00 	 0.53 	 332438 	 1.51	 381311 	 0.00 	 0.00 	 0.00 
72 	 282835.00 	 1.90 	 282835.00 	 0.38 	 282835 	 1.34	 326532 	 0.00 	 0.00 	 0.00 
73 	 331628.00 	 1.40 	 331628.00 	 0.40 	 331628 	 1.47	 377148 	 0.00 	 0.00 	 0.00 
74 	 358889.00 	 2.27 	 358889.00 	 0.43 	 358889 	 1.50	 400713 	 0.00 	 0.00 	 0.00 
75 	 344452.00 	 1.64 	 344452.00 	 0.41 	 344452 	 1.31	 385314 	 0.00 	 0.00 	 0.00 
76 	 375028.00 	 4.00 	 375026.50 	 0.45 	 375028 	 1.31	 412498 	 0.00 	 0.00 	 1.50 
77 	 345654.00 	 1.91 	 345654.00 	 0.49 	 345654 	 1.52	 397105 	 0.00 	 0.00 	 0.00 
78 	 355327.00 	 1.71 	 355327.00 	 0.47 	 355333 	 1.49	 403266 	 0.00 	 6.00 	 0.00 
79 	 331431.00 	 4.93 	 331423.25 	 0.47 	 331431 	 2.62	 376713 	 0.00 	 0.00 	 7.75 
80 	 336532.00 	 2.12 	 336532.00 	 0.44 	 336532 	 1.45	 373030 	 0.00 	 0.00 	 0.00 
81 	 300497.00 	 1.97 	 300497.00 	 0.45 	 300504 	 2.56	 345071 	 0.00 	 7.00 	 0.00 
82 	 313412.00 	 2.07 	 313412.00 	 0.59 	 313412 	 1.52	 358290 	 0.00 	 0.00 	 0.00 
83 	 322395.00 	 2.00 	 322395.00 	 0.46 	 322395 	 1.34	 381051 	 0.00 	 0.00 	 0.00 
84 	 306479.00 	 1.89 	 306479.00 	 0.49 	 306484 	 1.49	 348150 	 0.00 	 5.00 	 0.00 
85 	 341003.00 	 1.62 	 341003.00 	 0.45 	 341003 	 1.34	 379229 	 0.00 	 0.00 	 0.00 
86 	 367791.00 	 3.64 	 367788.00 	 0.48 	 367793 	 1.47	 407393 	 0.00 	 2.00 	 3.00 
87 	 367282.00 	 1.62 	 367282.00 	 0.43 	 367282 	 1.52	 409844 	 0.00 	 0.00 	 0.00 
88 	 347919.00 	 1.68 	 347919.00 	 0.47 	 347919 	 1.50	 399907 	 0.00 	 0.00 	 0.00 
89 	 354361.00 	 1.39 	 354361.00 	 0.49 	 354361 	 1.50	 392013 	 0.00 	 0.00 	 0.00 
90 	 348068.00 	 1.56 	 348068.00 	 0.49 	 348068 	 1.48	 388310 	 0.00 	 0.00 	 0.00 
91 	 328590.00 	 2.64 	 328590.00 	 0.51 	 328590 	 1.47	 382177 	 0.00 	 0.00 	 0.00 
92 	 342048.00 	 4.26 	 342047.67 	 0.50 	 342048 	 1.47	 384200 	 0.00 	 0.00 	 0.33 
93 	 342837.00 	 1.82 	 342837.00 	 0.41 	 342837 	 1.47	 389878 	 0.00 	 0.00 	 0.00 
94 	 307424.00 	 1.79 	 307424.00 	 0.41 	 307424 	 1.31	 350858 	 0.00 	 0.00 	 0.00 
95 	 349228.00 	 2.20 	 349228.00 	 0.44 	 349228 	 1.47	 409560 	 0.00 	 0.00 	 0.00 
96 	 315022.00 	 2.03 	 315022.00 	 0.54 	 315022 	 1.56	 363688 	 0.00 	 0.00 	 0.00 
97 	 372122.00 	 2.01 	 372122.00 	 0.42 	 372122 	 1.55	 416685 	 0.00 	 0.00 	 0.00 
98 	 352334.00 	 1.80 	 352334.00 	 0.48 	 352334 	 1.50	 409197 	 0.00 	 0.00 	 0.00 
99 	 339932.00 	 1.70 	 339932.00 	 0.43 	 339932 	 1.56	 375263 	 0.00 	 0.00 	 0.00 
100 	 347542.00 	 1.99 	 347542.00 	 0.46 	 347542 	 1.31	 390869 	 0.00 	 0.00 	 0.00 
