Instance 	 ip_model 	 	 lr_model 	 	 greedy 	 	 UB 	 
 	 objval 	 time 	 objval 	 time 	 objval 	 time 	 objval 	 time 
1 	 363145.00 	 6.56 	 363042.00 	 0.43 	 363145 	 1.76	 386288 	 0.00 	 0.00 	 103.00 
2 	 400301.00 	 47.47 	 399753.50 	 0.49 	 400317 	 1.82	 427102 	 0.00 	 16.00 	 547.50 
3 	 349327.00 	 1200.03 	 348740.50 	 0.49 	 349412 	 1.79	 375809 	 0.00 	 85.00 	 586.50 
4 	 396220.00 	 274.36 	 395271.50 	 0.50 	 396220 	 1.78	 430044 	 0.00 	 0.00 	 948.50 
5 	 371803.00 	 10.26 	 371567.00 	 0.46 	 371803 	 1.76	 396111 	 0.00 	 0.00 	 236.00 
6 	 393953.00 	 23.07 	 393466.00 	 0.50 	 393953 	 1.83	 421880 	 0.00 	 0.00 	 487.00 
7 	 355691.00 	 75.26 	 355189.00 	 0.48 	 355704 	 1.77	 383833 	 0.00 	 13.00 	 502.00 
8 	 380349.00 	 26.89 	 379887.50 	 0.53 	 380478 	 1.79	 403329 	 0.00 	 129.00 	 461.50 
9 	 347599.00 	 6.17 	 347376.50 	 0.50 	 347641 	 2.02	 374866 	 0.00 	 42.00 	 222.50 
10 	 327131.00 	 52.43 	 326248.50 	 0.45 	 327131 	 1.79	 357390 	 0.00 	 0.00 	 882.50 
11 	 353710.00 	 34.28 	 353189.50 	 0.48 	 353710 	 1.81	 380311 	 0.00 	 0.00 	 520.50 
12 	 369116.00 	 64.86 	 368419.00 	 0.49 	 369277 	 1.89	 399938 	 0.00 	 161.00 	 697.00 
13 	 369918.00 	 36.77 	 369287.50 	 0.53 	 369918 	 1.76	 399264 	 0.00 	 0.00 	 630.50 
14 	 369460.00 	 13.80 	 369276.50 	 0.45 	 369692 	 1.78	 395256 	 0.00 	 232.00 	 183.50 
15 	 369997.00 	 46.97 	 369607.00 	 0.47 	 370423 	 1.75	 398449 	 0.00 	 426.00 	 390.00 
16 	 353835.00 	 73.38 	 352998.00 	 0.43 	 353968 	 1.77	 382708 	 0.00 	 133.00 	 837.00 
17 	 369412.00 	 109.56 	 368839.50 	 0.45 	 369551 	 1.77	 399287 	 0.00 	 139.00 	 572.50 
18 	 368559.00 	 16.15 	 368130.50 	 0.51 	 368665 	 1.78	 396425 	 0.00 	 106.00 	 428.50 
19 	 366925.00 	 14.75 	 366490.00 	 0.50 	 366925 	 1.81	 393301 	 0.00 	 0.00 	 435.00 
20 	 336748.00 	 231.94 	 335905.50 	 0.44 	 336818 	 1.81	 366616 	 0.00 	 70.00 	 842.50 
21 	 376495.00 	 29.82 	 375896.00 	 0.45 	 376636 	 1.76	 403808 	 0.00 	 141.00 	 599.00 
22 	 384699.00 	 42.81 	 384231.50 	 0.49 	 384775 	 1.79	 414620 	 0.00 	 76.00 	 467.50 
23 	 384632.00 	 15.44 	 384390.50 	 0.45 	 384660 	 1.80	 408406 	 0.00 	 28.00 	 241.50 
24 	 356678.00 	 5.17 	 356545.50 	 0.45 	 356682 	 1.76	 378623 	 0.00 	 4.00 	 132.50 
25 	 331229.00 	 75.03 	 330855.00 	 0.44 	 331229 	 1.76	 355814 	 0.00 	 0.00 	 374.00 
26 	 373605.00 	 56.02 	 373023.00 	 0.46 	 373605 	 1.80	 401373 	 0.00 	 0.00 	 582.00 
27 	 396210.00 	 141.82 	 395397.50 	 0.49 	 396210 	 1.77	 427317 	 0.00 	 0.00 	 812.50 
28 	 407186.00 	 35.81 	 406869.50 	 0.53 	 407186 	 1.81	 433026 	 0.00 	 0.00 	 316.50 
29 	 368791.00 	 17.92 	 368372.50 	 0.48 	 368799 	 1.93	 393287 	 0.00 	 8.00 	 418.50 
30 	 353983.00 	 49.36 	 353553.00 	 0.49 	 354052 	 1.80	 380284 	 0.00 	 69.00 	 430.00 
31 	 376885.00 	 9.27 	 376692.00 	 0.52 	 376937 	 1.83	 399840 	 0.00 	 52.00 	 193.00 
32 	 394354.00 	 165.43 	 393782.50 	 0.45 	 394438 	 1.75	 423480 	 0.00 	 84.00 	 571.50 
33 	 376367.00 	 38.32 	 375921.00 	 0.49 	 376405 	 1.79	 400892 	 0.00 	 38.00 	 446.00 
34 	 326929.00 	 55.74 	 326057.00 	 0.46 	 326929 	 1.80	 360906 	 0.00 	 0.00 	 872.00 
35 	 340674.00 	 77.55 	 339953.00 	 0.48 	 340760 	 1.78	 367690 	 0.00 	 86.00 	 721.00 
36 	 369825.00 	 133.01 	 369128.00 	 0.47 	 369825 	 1.80	 401460 	 0.00 	 0.00 	 697.00 
37 	 351182.00 	 21.89 	 350877.50 	 0.51 	 351343 	 1.79	 375899 	 0.00 	 161.00 	 304.50 
38 	 383458.00 	 69.44 	 383007.50 	 0.47 	 383469 	 1.79	 409255 	 0.00 	 11.00 	 450.50 
39 	 357232.00 	 22.33 	 356943.00 	 0.51 	 357275 	 1.79	 383967 	 0.00 	 43.00 	 289.00 
40 	 373642.00 	 45.20 	 373360.50 	 0.45 	 373764 	 1.78	 400194 	 0.00 	 122.00 	 281.50 
41 	 382839.00 	 100.32 	 382296.25 	 0.50 	 382839 	 1.86	 411355 	 0.00 	 0.00 	 542.75 
42 	 381231.00 	 10.13 	 381076.00 	 0.47 	 381360 	 1.78	 403292 	 0.00 	 129.00 	 155.00 
43 	 372272.00 	 18.10 	 371917.00 	 0.48 	 372272 	 1.79	 399884 	 0.00 	 0.00 	 355.00 
44 	 405485.00 	 7.72 	 405322.00 	 0.48 	 405485 	 1.83	 428224 	 0.00 	 0.00 	 163.00 
45 	 363895.00 	 58.13 	 363271.00 	 0.49 	 363895 	 1.78	 392061 	 0.00 	 0.00 	 624.00 
46 	 362457.00 	 27.31 	 362189.00 	 0.48 	 362659 	 1.82	 389420 	 0.00 	 202.00 	 268.00 
47 	 393309.00 	 116.30 	 392801.00 	 0.50 	 393439 	 1.84	 420683 	 0.00 	 130.00 	 508.00 
48 	 333947.00 	 40.39 	 333520.00 	 0.46 	 334074 	 1.77	 360000 	 0.00 	 127.00 	 427.00 
49 	 403628.00 	 74.34 	 402910.50 	 0.47 	 403628 	 1.82	 432805 	 0.00 	 0.00 	 717.50 
50 	 356497.00 	 25.00 	 356032.00 	 0.50 	 356624 	 1.86	 384622 	 0.00 	 127.00 	 465.00 
51 	 372350.00 	 40.17 	 371977.50 	 0.50 	 372350 	 1.81	 398824 	 0.00 	 0.00 	 372.50 
52 	 331408.00 	 30.96 	 330975.00 	 0.44 	 331424 	 1.76	 355791 	 0.00 	 16.00 	 433.00 
53 	 349976.00 	 69.46 	 349418.00 	 0.52 	 350147 	 1.78	 378449 	 0.00 	 171.00 	 558.00 
54 	 352056.00 	 7.02 	 352053.33 	 0.49 	 352056 	 1.80	 375324 	 0.00 	 0.00 	 2.67 
55 	 325258.00 	 35.04 	 324828.50 	 0.47 	 325258 	 1.76	 354339 	 0.00 	 0.00 	 429.50 
56 	 376603.00 	 9.00 	 376300.00 	 0.49 	 376697 	 1.80	 400936 	 0.00 	 94.00 	 303.00 
57 	 310364.00 	 36.54 	 309594.50 	 0.58 	 310364 	 1.83	 340059 	 0.00 	 0.00 	 769.50 
58 	 340037.00 	 76.17 	 339749.50 	 0.57 	 340037 	 1.77	 362214 	 0.00 	 0.00 	 287.50 
59 	 370769.00 	 8.51 	 370450.50 	 0.43 	 370769 	 1.78	 396757 	 0.00 	 0.00 	 318.50 
60 	 370318.00 	 53.73 	 369717.00 	 0.46 	 370362 	 1.79	 398659 	 0.00 	 44.00 	 601.00 
61 	 403644.00 	 85.53 	 403165.75 	 0.52 	 403968 	 1.82	 431572 	 0.00 	 324.00 	 478.25 
62 	 381743.00 	 8.70 	 381500.00 	 0.47 	 381743 	 1.78	 405666 	 0.00 	 0.00 	 243.00 
63 	 340168.00 	 27.43 	 339971.50 	 0.43 	 340168 	 1.81	 361096 	 0.00 	 0.00 	 196.50 
64 	 374684.00 	 8.07 	 374576.00 	 0.44 	 374733 	 1.78	 399865 	 0.00 	 49.00 	 108.00 
65 	 370169.00 	 12.96 	 369934.00 	 0.45 	 370169 	 1.81	 394295 	 0.00 	 0.00 	 235.00 
66 	 377209.00 	 62.18 	 376739.50 	 0.44 	 377328 	 1.76	 402425 	 0.00 	 119.00 	 469.50 
67 	 348674.00 	 10.30 	 348498.00 	 0.47 	 348731 	 1.78	 369298 	 0.00 	 57.00 	 176.00 
68 	 390420.00 	 5.87 	 390348.67 	 0.48 	 390533 	 1.77	 417658 	 0.00 	 113.00 	 71.33 
69 	 408752.00 	 80.77 	 408184.00 	 0.51 	 408755 	 1.78	 435615 	 0.00 	 3.00 	 568.00 
70 	 365585.00 	 101.17 	 364617.00 	 0.44 	 365750 	 1.76	 397733 	 0.00 	 165.00 	 968.00 
71 	 354236.00 	 14.25 	 353649.00 	 0.53 	 354236 	 1.80	 381311 	 0.00 	 0.00 	 587.00 
72 	 300361.00 	 11.05 	 300192.00 	 0.45 	 300552 	 1.81	 326532 	 0.00 	 191.00 	 169.00 
73 	 350345.00 	 103.61 	 349687.00 	 0.44 	 350345 	 1.79	 377148 	 0.00 	 0.00 	 658.00 
74 	 376671.00 	 9.58 	 376510.50 	 0.45 	 376671 	 1.80	 400713 	 0.00 	 0.00 	 160.50 
75 	 361435.00 	 10.93 	 361080.50 	 0.42 	 361435 	 1.76	 385314 	 0.00 	 0.00 	 354.50 
76 	 391662.00 	 5.85 	 391633.00 	 0.52 	 391662 	 1.78	 412498 	 0.00 	 0.00 	 29.00 
77 	 368406.00 	 104.90 	 367831.00 	 0.47 	 368584 	 1.79	 397105 	 0.00 	 178.00 	 575.00 
78 	 376482.00 	 33.09 	 375965.50 	 0.43 	 376538 	 1.77	 403266 	 0.00 	 56.00 	 516.50 
79 	 352236.00 	 17.99 	 351922.50 	 0.54 	 352252 	 1.79	 376713 	 0.00 	 16.00 	 313.50 
80 	 352712.00 	 8.96 	 352651.50 	 0.46 	 352712 	 1.81	 373030 	 0.00 	 0.00 	 60.50 
81 	 319144.00 	 18.19 	 318797.50 	 0.46 	 319144 	 1.83	 345071 	 0.00 	 0.00 	 346.50 
82 	 333358.00 	 15.61 	 333114.00 	 0.50 	 333460 	 1.78	 358290 	 0.00 	 102.00 	 244.00 
83 	 350477.00 	 135.39 	 349567.50 	 0.50 	 350663 	 1.83	 381051 	 0.00 	 186.00 	 909.50 
84 	 324578.00 	 5.76 	 324523.50 	 0.46 	 324661 	 1.79	 348150 	 0.00 	 83.00 	 54.50 
85 	 356169.00 	 13.68 	 355806.50 	 0.48 	 356169 	 1.80	 379229 	 0.00 	 0.00 	 362.50 
86 	 384961.00 	 18.97 	 384697.50 	 0.47 	 384961 	 1.78	 407393 	 0.00 	 0.00 	 263.50 
87 	 384695.00 	 17.74 	 384409.50 	 0.49 	 384798 	 1.79	 409844 	 0.00 	 103.00 	 285.50 
88 	 370846.00 	 25.12 	 370355.00 	 0.49 	 370846 	 1.78	 399907 	 0.00 	 0.00 	 491.00 
89 	 371847.00 	 5.13 	 371782.50 	 0.49 	 371851 	 1.88	 392013 	 0.00 	 4.00 	 64.50 
90 	 363822.00 	 10.72 	 363489.00 	 0.47 	 363905 	 1.77	 388310 	 0.00 	 83.00 	 333.00 
91 	 351639.00 	 175.85 	 351075.00 	 0.53 	 351965 	 1.79	 382177 	 0.00 	 326.00 	 564.00 
92 	 361771.00 	 14.71 	 361570.00 	 0.47 	 361825 	 1.81	 384200 	 0.00 	 54.00 	 201.00 
93 	 364054.00 	 30.39 	 363632.00 	 0.52 	 364270 	 1.78	 389878 	 0.00 	 216.00 	 422.00 
94 	 326222.00 	 65.53 	 325869.50 	 0.52 	 326262 	 1.88	 350858 	 0.00 	 40.00 	 352.50 
95 	 377623.00 	 1200.03 	 376588.00 	 0.51 	 377752 	 1.83	 409560 	 0.00 	 129.00 	 1035.00 
96 	 336821.00 	 23.02 	 336388.00 	 0.49 	 336891 	 1.80	 363688 	 0.00 	 70.00 	 433.00 
97 	 393781.00 	 53.84 	 393601.50 	 0.49 	 393929 	 1.78	 416685 	 0.00 	 148.00 	 179.50 
98 	 377816.00 	 30.50 	 377154.50 	 0.49 	 377816 	 1.79	 409197 	 0.00 	 0.00 	 661.50 
99 	 354421.00 	 7.72 	 354292.00 	 0.44 	 354421 	 1.78	 375263 	 0.00 	 0.00 	 129.00 
100 	 365073.00 	 32.19 	 364840.50 	 0.51 	 365309 	 1.79	 390869 	 0.00 	 236.00 	 232.50 
