Instance 	 ip_model 	 	 lr_model 	 	 greedy 	 	 UB 	 
 	 objval 	 time 	 objval 	 time 	 objval 	 time 	 objval 	 time 
1 	 340592.00 	 3.12 	 340592.00 	 0.41 	 340592 	 0.19	 386288 	 0.00 	 0.00 	 0.00 
2 	 373092.00 	 4.37 	 373092.00 	 0.44 	 373092 	 0.17	 427102 	 0.00 	 0.00 	 0.00 
3 	 323826.00 	 3.25 	 323826.00 	 0.41 	 323826 	 0.18	 375809 	 0.00 	 0.00 	 0.00 
4 	 360944.00 	 2.95 	 360944.00 	 0.41 	 360944 	 0.19	 430044 	 0.00 	 0.00 	 0.00 
5 	 348899.00 	 4.36 	 348899.00 	 0.50 	 348899 	 0.19	 396111 	 0.00 	 0.00 	 0.00 
6 	 365262.00 	 3.79 	 365262.00 	 0.42 	 365262 	 0.18	 421880 	 0.00 	 0.00 	 0.00 
7 	 328142.00 	 3.53 	 328142.00 	 0.45 	 328142 	 0.18	 383833 	 0.00 	 0.00 	 0.00 
8 	 353186.00 	 4.79 	 353186.00 	 0.45 	 353186 	 0.13	 403329 	 0.00 	 0.00 	 0.00 
9 	 331145.00 	 4.69 	 331145.00 	 0.40 	 331145 	 0.13	 374866 	 0.00 	 0.00 	 0.00 
10 	 299199.00 	 2.29 	 299199.00 	 0.42 	 299199 	 0.04	 357390 	 0.00 	 0.00 	 0.00 
11 	 333237.00 	 3.66 	 333237.00 	 0.40 	 333237 	 0.17	 380311 	 0.00 	 0.00 	 0.00 
12 	 340480.00 	 3.14 	 340480.00 	 0.39 	 340480 	 0.18	 399938 	 0.00 	 0.00 	 0.00 
13 	 338079.00 	 3.55 	 338079.00 	 0.42 	 338079 	 0.19	 399264 	 0.00 	 0.00 	 0.00 
14 	 345943.00 	 4.32 	 345943.00 	 0.42 	 345943 	 0.18	 395256 	 0.00 	 0.00 	 0.00 
15 	 345287.00 	 3.17 	 345287.00 	 0.44 	 345287 	 0.17	 398449 	 0.00 	 0.00 	 0.00 
16 	 326631.00 	 3.46 	 326631.00 	 0.43 	 326631 	 0.18	 382708 	 0.00 	 0.00 	 0.00 
17 	 344011.00 	 3.45 	 344011.00 	 0.45 	 344011 	 0.19	 399287 	 0.00 	 0.00 	 0.00 
18 	 346304.00 	 3.34 	 346304.00 	 0.48 	 346304 	 0.18	 396425 	 0.00 	 0.00 	 0.00 
19 	 343126.00 	 3.14 	 343126.00 	 0.42 	 343126 	 0.17	 393301 	 0.00 	 0.00 	 0.00 
20 	 306292.00 	 4.54 	 306292.00 	 0.47 	 306292 	 0.13	 366616 	 0.00 	 0.00 	 0.00 
21 	 354476.00 	 4.90 	 354476.00 	 0.48 	 354476 	 0.19	 403808 	 0.00 	 0.00 	 0.00 
22 	 358507.00 	 3.78 	 358507.00 	 0.38 	 358507 	 0.18	 414620 	 0.00 	 0.00 	 0.00 
23 	 365833.00 	 4.59 	 365833.00 	 0.43 	 365833 	 0.18	 408406 	 0.00 	 0.00 	 0.00 
24 	 338607.00 	 4.70 	 338607.00 	 0.48 	 338607 	 0.00	 378623 	 0.00 	 0.00 	 0.00 
25 	 307211.00 	 3.71 	 307211.00 	 0.44 	 307211 	 0.19	 355814 	 0.00 	 0.00 	 0.00 
26 	 347367.00 	 4.54 	 347367.00 	 0.45 	 347367 	 0.17	 401373 	 0.00 	 0.00 	 0.00 
27 	 369304.00 	 4.36 	 369304.00 	 0.45 	 369304 	 0.19	 427317 	 0.00 	 0.00 	 0.00 
28 	 382809.00 	 4.52 	 382809.00 	 0.47 	 382809 	 0.17	 433026 	 0.00 	 0.00 	 0.00 
29 	 349809.00 	 4.59 	 349809.00 	 0.40 	 349809 	 0.17	 393287 	 0.00 	 0.00 	 0.00 
30 	 330049.00 	 3.22 	 330049.00 	 0.44 	 330049 	 0.18	 380284 	 0.00 	 0.00 	 0.00 
31 	 356086.00 	 3.34 	 356086.00 	 0.44 	 356086 	 0.19	 399840 	 0.00 	 0.00 	 0.00 
32 	 367998.00 	 4.76 	 367998.00 	 0.47 	 367998 	 0.17	 423480 	 0.00 	 0.00 	 0.00 
33 	 356720.00 	 3.63 	 356720.00 	 0.43 	 356720 	 0.17	 400892 	 0.00 	 0.00 	 0.00 
34 	 298030.00 	 4.31 	 298030.00 	 0.45 	 298030 	 0.19	 360906 	 0.00 	 0.00 	 0.00 
35 	 315001.00 	 4.76 	 315001.00 	 0.41 	 315001 	 0.14	 367690 	 0.00 	 0.00 	 0.00 
36 	 339842.00 	 2.92 	 339842.00 	 0.44 	 339842 	 0.19	 401460 	 0.00 	 0.00 	 0.00 
37 	 326104.00 	 4.28 	 326104.00 	 0.43 	 326104 	 0.17	 375899 	 0.00 	 0.00 	 0.00 
38 	 357147.00 	 4.78 	 357147.00 	 0.40 	 357147 	 0.18	 409255 	 0.00 	 0.00 	 0.00 
39 	 335284.00 	 3.44 	 335284.00 	 0.46 	 335284 	 0.19	 383967 	 0.00 	 0.00 	 0.00 
40 	 351964.00 	 3.06 	 351964.00 	 0.44 	 351964 	 0.17	 400194 	 0.00 	 0.00 	 0.00 
41 	 362318.00 	 4.40 	 362318.00 	 0.51 	 362318 	 0.09	 411355 	 0.00 	 0.00 	 0.00 
42 	 364420.00 	 2.14 	 364420.00 	 0.42 	 364420 	 0.00	 403292 	 0.00 	 0.00 	 0.00 
43 	 352620.00 	 5.20 	 352620.00 	 0.42 	 352620 	 0.19	 399884 	 0.00 	 0.00 	 0.00 
44 	 382083.00 	 2.89 	 382083.00 	 0.44 	 382083 	 0.17	 428224 	 0.00 	 0.00 	 0.00 
45 	 336128.00 	 4.47 	 336128.00 	 0.42 	 336128 	 0.18	 392061 	 0.00 	 0.00 	 0.00 
46 	 345504.00 	 4.38 	 345504.00 	 0.41 	 345504 	 0.19	 389420 	 0.00 	 0.00 	 0.00 
47 	 367154.00 	 4.56 	 367154.00 	 0.63 	 367154 	 0.25	 420683 	 0.00 	 0.00 	 0.00 
48 	 313496.00 	 4.67 	 313496.00 	 0.44 	 313496 	 0.18	 360000 	 0.00 	 0.00 	 0.00 
49 	 376546.00 	 3.20 	 376546.00 	 0.44 	 376546 	 0.24	 432805 	 0.00 	 0.00 	 0.00 
50 	 334346.00 	 4.08 	 334346.00 	 0.43 	 334346 	 0.18	 384622 	 0.00 	 0.00 	 0.00 
51 	 350952.00 	 4.16 	 350952.00 	 0.53 	 350952 	 0.18	 398824 	 0.00 	 0.00 	 0.00 
52 	 308312.00 	 3.20 	 308312.00 	 0.50 	 308312 	 0.18	 355791 	 0.00 	 0.00 	 0.00 
53 	 325172.00 	 3.17 	 325172.00 	 0.45 	 325172 	 0.18	 378449 	 0.00 	 0.00 	 0.00 
54 	 333621.00 	 4.36 	 333621.00 	 0.54 	 333621 	 0.19	 375324 	 0.00 	 0.00 	 0.00 
55 	 300111.00 	 4.18 	 300111.00 	 0.42 	 300111 	 0.20	 354339 	 0.00 	 0.00 	 0.00 
56 	 354234.00 	 3.12 	 354234.00 	 0.44 	 354234 	 0.19	 400936 	 0.00 	 0.00 	 0.00 
57 	 285740.00 	 4.70 	 285740.00 	 0.43 	 285740 	 0.14	 340059 	 0.00 	 0.00 	 0.00 
58 	 319612.00 	 3.70 	 319612.00 	 0.41 	 319612 	 0.17	 362214 	 0.00 	 0.00 	 0.00 
59 	 349305.00 	 3.37 	 349305.00 	 0.49 	 349305 	 0.19	 396757 	 0.00 	 0.00 	 0.00 
60 	 348465.00 	 4.73 	 348465.00 	 0.55 	 348465 	 0.18	 398659 	 0.00 	 0.00 	 0.00 
61 	 377747.00 	 4.38 	 377747.00 	 0.39 	 377747 	 0.13	 431572 	 0.00 	 0.00 	 0.00 
62 	 362961.00 	 3.75 	 362961.00 	 0.49 	 362961 	 0.09	 405666 	 0.00 	 0.00 	 0.00 
63 	 320102.00 	 3.51 	 320102.00 	 0.42 	 320102 	 0.19	 361096 	 0.00 	 0.00 	 0.00 
64 	 358468.00 	 4.63 	 358468.00 	 0.44 	 358468 	 0.18	 399865 	 0.00 	 0.00 	 0.00 
65 	 347376.00 	 3.13 	 347376.00 	 0.44 	 347376 	 0.18	 394295 	 0.00 	 0.00 	 0.00 
66 	 348644.00 	 3.77 	 348644.00 	 0.42 	 348644 	 0.18	 402425 	 0.00 	 0.00 	 0.00 
67 	 328936.00 	 3.11 	 328936.00 	 0.47 	 328936 	 0.18	 369298 	 0.00 	 0.00 	 0.00 
68 	 371463.00 	 3.56 	 371463.00 	 0.39 	 371463 	 0.17	 417658 	 0.00 	 0.00 	 0.00 
69 	 386277.00 	 3.84 	 386277.00 	 0.39 	 386277 	 0.14	 435615 	 0.00 	 0.00 	 0.00 
70 	 338730.00 	 3.00 	 338730.00 	 0.46 	 338730 	 0.17	 397733 	 0.00 	 0.00 	 0.00 
71 	 330648.00 	 3.61 	 330648.00 	 0.43 	 330648 	 0.17	 381311 	 0.00 	 0.00 	 0.00 
72 	 281055.00 	 5.02 	 281055.00 	 0.41 	 281055 	 0.17	 326532 	 0.00 	 0.00 	 0.00 
73 	 330512.00 	 4.77 	 330512.00 	 0.47 	 330512 	 0.12	 377148 	 0.00 	 0.00 	 0.00 
74 	 357472.00 	 4.23 	 357472.00 	 0.42 	 357472 	 0.18	 400713 	 0.00 	 0.00 	 0.00 
75 	 342655.00 	 2.94 	 342655.00 	 0.47 	 342655 	 0.17	 385314 	 0.00 	 0.00 	 0.00 
76 	 373715.00 	 3.76 	 373715.00 	 0.40 	 373715 	 0.17	 412498 	 0.00 	 0.00 	 0.00 
77 	 343921.00 	 3.36 	 343921.00 	 0.46 	 343921 	 0.19	 397105 	 0.00 	 0.00 	 0.00 
78 	 353082.00 	 4.58 	 353082.00 	 0.45 	 353082 	 0.17	 403266 	 0.00 	 0.00 	 0.00 
79 	 328923.00 	 4.17 	 328923.00 	 0.47 	 328923 	 0.14	 376713 	 0.00 	 0.00 	 0.00 
80 	 333878.00 	 4.74 	 333878.00 	 0.43 	 333878 	 0.13	 373030 	 0.00 	 0.00 	 0.00 
81 	 298821.00 	 3.40 	 298821.00 	 0.46 	 298821 	 0.19	 345071 	 0.00 	 0.00 	 0.00 
82 	 311593.00 	 2.83 	 311593.00 	 0.46 	 311593 	 0.17	 358290 	 0.00 	 0.00 	 0.00 
83 	 319213.00 	 4.85 	 319213.00 	 0.43 	 319213 	 0.17	 381051 	 0.00 	 0.00 	 0.00 
84 	 305248.00 	 3.94 	 305248.00 	 0.43 	 305248 	 0.17	 348150 	 0.00 	 0.00 	 0.00 
85 	 339249.00 	 3.80 	 339249.00 	 0.42 	 339249 	 0.17	 379229 	 0.00 	 0.00 	 0.00 
86 	 365987.00 	 3.70 	 365987.00 	 0.43 	 365987 	 0.18	 407393 	 0.00 	 0.00 	 0.00 
87 	 365560.00 	 3.44 	 365560.00 	 0.43 	 365560 	 0.19	 409844 	 0.00 	 0.00 	 0.00 
88 	 345734.00 	 4.30 	 345734.00 	 0.42 	 345734 	 0.17	 399907 	 0.00 	 0.00 	 0.00 
89 	 352911.00 	 4.20 	 352911.00 	 0.49 	 352911 	 0.19	 392013 	 0.00 	 0.00 	 0.00 
90 	 347238.00 	 5.08 	 347238.00 	 0.46 	 347238 	 0.18	 388310 	 0.00 	 0.00 	 0.00 
91 	 326545.00 	 3.34 	 326545.00 	 0.45 	 326545 	 0.19	 382177 	 0.00 	 0.00 	 0.00 
92 	 339255.00 	 3.54 	 339255.00 	 0.46 	 339255 	 0.17	 384200 	 0.00 	 0.00 	 0.00 
93 	 340078.00 	 3.91 	 340078.00 	 0.45 	 340078 	 0.19	 389878 	 0.00 	 0.00 	 0.00 
94 	 305969.00 	 2.81 	 305969.00 	 0.44 	 305969 	 0.17	 350858 	 0.00 	 0.00 	 0.00 
95 	 345856.00 	 5.58 	 345856.00 	 0.43 	 345856 	 0.17	 409560 	 0.00 	 0.00 	 0.00 
96 	 313384.00 	 4.38 	 313384.00 	 0.39 	 313384 	 0.19	 363688 	 0.00 	 0.00 	 0.00 
97 	 369542.00 	 5.29 	 369542.00 	 0.44 	 369542 	 0.23	 416685 	 0.00 	 0.00 	 0.00 
98 	 348955.00 	 3.59 	 348955.00 	 0.43 	 348955 	 0.18	 409197 	 0.00 	 0.00 	 0.00 
99 	 338734.00 	 4.43 	 338734.00 	 0.43 	 338734 	 0.17	 375263 	 0.00 	 0.00 	 0.00 
100 	 345716.00 	 3.29 	 345716.00 	 0.47 	 345716 	 0.18	 390869 	 0.00 	 0.00 	 0.00 
