Instance 	 ip_model 	 	 lr_model 	 	 greedy 	 	 UB 	 
 	 objval 	 time 	 objval 	 time 	 objval 	 time 	 objval 	 time 
1 	 386288.00 	 4.49 	 386288.00 	 0.43 	 386288 	 1.96	 386288 	 0.00 	 0.00 	 0.00 
2 	 427102.00 	 3.82 	 427102.00 	 0.54 	 427102 	 1.97	 427102 	 0.00 	 0.00 	 0.00 
3 	 375809.00 	 4.14 	 375809.00 	 0.53 	 375809 	 1.97	 375809 	 0.00 	 0.00 	 0.00 
4 	 430044.00 	 3.65 	 430044.00 	 0.47 	 430044 	 1.95	 430044 	 0.00 	 0.00 	 0.00 
5 	 396111.00 	 3.20 	 396111.00 	 0.45 	 396111 	 1.96	 396111 	 0.00 	 0.00 	 0.00 
6 	 421880.00 	 4.03 	 421880.00 	 0.52 	 421880 	 2.03	 421880 	 0.00 	 0.00 	 0.00 
7 	 383833.00 	 3.68 	 383833.00 	 0.45 	 383833 	 2.01	 383833 	 0.00 	 0.00 	 0.00 
8 	 403329.00 	 3.48 	 403329.00 	 0.45 	 403329 	 1.99	 403329 	 0.00 	 0.00 	 0.00 
9 	 374866.00 	 3.57 	 374866.00 	 0.53 	 374866 	 2.01	 374866 	 0.00 	 0.00 	 0.00 
10 	 357390.00 	 3.60 	 357390.00 	 0.47 	 357390 	 1.93	 357390 	 0.00 	 0.00 	 0.00 
11 	 380311.00 	 3.11 	 380311.00 	 0.45 	 380311 	 1.94	 380311 	 0.00 	 0.00 	 0.00 
12 	 399938.00 	 4.33 	 399938.00 	 0.51 	 399938 	 1.99	 399938 	 0.00 	 0.00 	 0.00 
13 	 399264.00 	 3.19 	 399264.00 	 0.45 	 399264 	 1.99	 399264 	 0.00 	 0.00 	 0.00 
14 	 395256.00 	 3.84 	 395256.00 	 0.45 	 395256 	 1.96	 395256 	 0.00 	 0.00 	 0.00 
15 	 398449.00 	 3.46 	 398449.00 	 0.47 	 398449 	 1.94	 398449 	 0.00 	 0.00 	 0.00 
16 	 382708.00 	 3.31 	 382708.00 	 0.55 	 382708 	 2.01	 382708 	 0.00 	 0.00 	 0.00 
17 	 399287.00 	 3.47 	 399287.00 	 0.49 	 399287 	 1.96	 399287 	 0.00 	 0.00 	 0.00 
18 	 396425.00 	 4.19 	 396425.00 	 0.44 	 396425 	 1.95	 396425 	 0.00 	 0.00 	 0.00 
19 	 393301.00 	 4.80 	 393301.00 	 0.44 	 393301 	 1.98	 393301 	 0.00 	 0.00 	 0.00 
20 	 366616.00 	 3.53 	 366616.00 	 0.45 	 366616 	 1.97	 366616 	 0.00 	 0.00 	 0.00 
21 	 403808.00 	 5.44 	 403808.00 	 0.47 	 403808 	 1.98	 403808 	 0.00 	 0.00 	 0.00 
22 	 414620.00 	 3.60 	 414620.00 	 0.45 	 414620 	 1.97	 414620 	 0.00 	 0.00 	 0.00 
23 	 408406.00 	 5.38 	 408406.00 	 0.47 	 408406 	 1.95	 408406 	 0.00 	 0.00 	 0.00 
24 	 378623.00 	 5.13 	 378623.00 	 0.48 	 378623 	 1.98	 378623 	 0.00 	 0.00 	 0.00 
25 	 355814.00 	 4.47 	 355814.00 	 0.47 	 355814 	 1.94	 355814 	 0.00 	 0.00 	 0.00 
26 	 401373.00 	 3.16 	 401373.00 	 0.47 	 401373 	 1.95	 401373 	 0.00 	 0.00 	 0.00 
27 	 427317.00 	 2.98 	 427317.00 	 0.44 	 427317 	 1.97	 427317 	 0.00 	 0.00 	 0.00 
28 	 433026.00 	 4.10 	 433026.00 	 0.49 	 433026 	 1.94	 433026 	 0.00 	 0.00 	 0.00 
29 	 393287.00 	 5.64 	 393287.00 	 0.47 	 393287 	 1.94	 393287 	 0.00 	 0.00 	 0.00 
30 	 380284.00 	 3.80 	 380284.00 	 0.46 	 380284 	 1.99	 380284 	 0.00 	 0.00 	 0.00 
31 	 399840.00 	 5.40 	 399840.00 	 0.44 	 399840 	 1.96	 399840 	 0.00 	 0.00 	 0.00 
32 	 423480.00 	 3.52 	 423480.00 	 0.44 	 423480 	 1.94	 423480 	 0.00 	 0.00 	 0.00 
33 	 400892.00 	 3.47 	 400892.00 	 0.43 	 400892 	 2.01	 400892 	 0.00 	 0.00 	 0.00 
34 	 360906.00 	 3.70 	 360906.00 	 0.46 	 360906 	 1.94	 360906 	 0.00 	 0.00 	 0.00 
35 	 367690.00 	 4.49 	 367690.00 	 0.50 	 367690 	 1.95	 367690 	 0.00 	 0.00 	 0.00 
36 	 401460.00 	 3.07 	 401460.00 	 0.55 	 401460 	 2.01	 401460 	 0.00 	 0.00 	 0.00 
37 	 375899.00 	 2.90 	 375899.00 	 0.42 	 375899 	 1.96	 375899 	 0.00 	 0.00 	 0.00 
38 	 409255.00 	 3.52 	 409255.00 	 0.43 	 409255 	 1.95	 409255 	 0.00 	 0.00 	 0.00 
39 	 383967.00 	 4.51 	 383967.00 	 0.45 	 383967 	 2.12	 383967 	 0.00 	 0.00 	 0.00 
40 	 400194.00 	 3.52 	 400194.00 	 0.47 	 400194 	 1.95	 400194 	 0.00 	 0.00 	 0.00 
41 	 411355.00 	 3.55 	 411355.00 	 0.45 	 411355 	 1.96	 411355 	 0.00 	 0.00 	 0.00 
42 	 403292.00 	 5.98 	 403292.00 	 0.48 	 403292 	 1.96	 403292 	 0.00 	 0.00 	 0.00 
43 	 399884.00 	 3.78 	 399884.00 	 0.42 	 399884 	 1.97	 399884 	 0.00 	 0.00 	 0.00 
44 	 428224.00 	 3.75 	 428224.00 	 0.43 	 428224 	 1.96	 428224 	 0.00 	 0.00 	 0.00 
45 	 392061.00 	 3.84 	 392061.00 	 0.47 	 392061 	 2.04	 392061 	 0.00 	 0.00 	 0.00 
46 	 389420.00 	 4.24 	 389420.00 	 0.48 	 389420 	 1.98	 389420 	 0.00 	 0.00 	 0.00 
47 	 420683.00 	 3.87 	 420683.00 	 0.44 	 420683 	 1.94	 420683 	 0.00 	 0.00 	 0.00 
48 	 360000.00 	 3.66 	 360000.00 	 0.48 	 360000 	 1.96	 360000 	 0.00 	 0.00 	 0.00 
49 	 432805.00 	 3.40 	 432805.00 	 0.46 	 432805 	 1.94	 432805 	 0.00 	 0.00 	 0.00 
50 	 384622.00 	 3.90 	 384622.00 	 0.47 	 384622 	 1.95	 384622 	 0.00 	 0.00 	 0.00 
51 	 398824.00 	 3.82 	 398824.00 	 0.47 	 398824 	 1.93	 398824 	 0.00 	 0.00 	 0.00 
52 	 355791.00 	 3.33 	 355791.00 	 0.53 	 355791 	 1.98	 355791 	 0.00 	 0.00 	 0.00 
53 	 378449.00 	 4.24 	 378449.00 	 0.62 	 378449 	 1.96	 378449 	 0.00 	 0.00 	 0.00 
54 	 375324.00 	 3.46 	 375324.00 	 0.46 	 375324 	 1.94	 375324 	 0.00 	 0.00 	 0.00 
55 	 354339.00 	 3.37 	 354339.00 	 0.47 	 354339 	 1.98	 354339 	 0.00 	 0.00 	 0.00 
56 	 400936.00 	 2.91 	 400936.00 	 0.44 	 400936 	 1.96	 400936 	 0.00 	 0.00 	 0.00 
57 	 340059.00 	 3.42 	 340059.00 	 0.50 	 340059 	 1.95	 340059 	 0.00 	 0.00 	 0.00 
58 	 362214.00 	 5.85 	 362214.00 	 0.51 	 362214 	 1.97	 362214 	 0.00 	 0.00 	 0.00 
59 	 396757.00 	 4.08 	 396757.00 	 0.45 	 396757 	 1.97	 396757 	 0.00 	 0.00 	 0.00 
60 	 398659.00 	 3.43 	 398659.00 	 0.57 	 398659 	 1.94	 398659 	 0.00 	 0.00 	 0.00 
61 	 431572.00 	 3.49 	 431572.00 	 0.44 	 431572 	 2.00	 431572 	 0.00 	 0.00 	 0.00 
62 	 405666.00 	 4.15 	 405666.00 	 0.45 	 405666 	 1.99	 405666 	 0.00 	 0.00 	 0.00 
63 	 361096.00 	 3.88 	 361096.00 	 0.46 	 361096 	 2.01	 361096 	 0.00 	 0.00 	 0.00 
64 	 399865.00 	 3.90 	 399865.00 	 0.64 	 399865 	 2.01	 399865 	 0.00 	 0.00 	 0.00 
65 	 394295.00 	 4.08 	 394295.00 	 0.44 	 394295 	 1.87	 394295 	 0.00 	 0.00 	 0.00 
66 	 402425.00 	 3.45 	 402425.00 	 0.47 	 402425 	 1.98	 402425 	 0.00 	 0.00 	 0.00 
67 	 369298.00 	 5.84 	 369298.00 	 0.42 	 369298 	 1.97	 369298 	 0.00 	 0.00 	 0.00 
68 	 417658.00 	 3.41 	 417658.00 	 0.43 	 417658 	 1.98	 417658 	 0.00 	 0.00 	 0.00 
69 	 435615.00 	 3.11 	 435615.00 	 0.47 	 435615 	 1.96	 435615 	 0.00 	 0.00 	 0.00 
70 	 397733.00 	 3.98 	 397733.00 	 0.43 	 397733 	 2.06	 397733 	 0.00 	 0.00 	 0.00 
71 	 381311.00 	 4.10 	 381311.00 	 0.50 	 381311 	 1.96	 381311 	 0.00 	 0.00 	 0.00 
72 	 326532.00 	 3.38 	 326532.00 	 0.45 	 326532 	 1.98	 326532 	 0.00 	 0.00 	 0.00 
73 	 377148.00 	 3.67 	 377148.00 	 0.45 	 377148 	 1.99	 377148 	 0.00 	 0.00 	 0.00 
74 	 400713.00 	 3.17 	 400713.00 	 0.49 	 400713 	 2.01	 400713 	 0.00 	 0.00 	 0.00 
75 	 385314.00 	 3.47 	 385314.00 	 0.49 	 385314 	 2.02	 385314 	 0.00 	 0.00 	 0.00 
76 	 412498.00 	 4.61 	 412498.00 	 0.45 	 412498 	 2.00	 412498 	 0.00 	 0.00 	 0.00 
77 	 397105.00 	 4.37 	 397105.00 	 0.46 	 397105 	 1.98	 397105 	 0.00 	 0.00 	 0.00 
78 	 403266.00 	 3.93 	 403266.00 	 0.45 	 403266 	 1.98	 403266 	 0.00 	 0.00 	 0.00 
79 	 376713.00 	 4.28 	 376713.00 	 0.44 	 376713 	 1.99	 376713 	 0.00 	 0.00 	 0.00 
80 	 373030.00 	 3.87 	 373030.00 	 0.54 	 373030 	 1.96	 373030 	 0.00 	 0.00 	 0.00 
81 	 345071.00 	 3.84 	 345071.00 	 0.43 	 345071 	 1.99	 345071 	 0.00 	 0.00 	 0.00 
82 	 358290.00 	 4.61 	 358290.00 	 0.47 	 358290 	 1.96	 358290 	 0.00 	 0.00 	 0.00 
83 	 381051.00 	 3.80 	 381051.00 	 0.42 	 381051 	 2.05	 381051 	 0.00 	 0.00 	 0.00 
84 	 348150.00 	 3.20 	 348150.00 	 0.44 	 348150 	 1.99	 348150 	 0.00 	 0.00 	 0.00 
85 	 379229.00 	 3.22 	 379229.00 	 0.43 	 379229 	 2.02	 379229 	 0.00 	 0.00 	 0.00 
86 	 407393.00 	 3.13 	 407393.00 	 0.45 	 407393 	 1.95	 407393 	 0.00 	 0.00 	 0.00 
87 	 409844.00 	 4.31 	 409844.00 	 0.49 	 409844 	 1.92	 409844 	 0.00 	 0.00 	 0.00 
88 	 399907.00 	 3.22 	 399907.00 	 0.46 	 399907 	 1.99	 399907 	 0.00 	 0.00 	 0.00 
89 	 392013.00 	 3.44 	 392013.00 	 0.42 	 392013 	 1.96	 392013 	 0.00 	 0.00 	 0.00 
90 	 388310.00 	 2.85 	 388310.00 	 0.42 	 388310 	 1.94	 388310 	 0.00 	 0.00 	 0.00 
91 	 382177.00 	 3.44 	 382177.00 	 0.44 	 382177 	 1.97	 382177 	 0.00 	 0.00 	 0.00 
92 	 384200.00 	 5.33 	 384200.00 	 0.47 	 384200 	 1.94	 384200 	 0.00 	 0.00 	 0.00 
93 	 389878.00 	 4.82 	 389878.00 	 0.46 	 389878 	 1.98	 389878 	 0.00 	 0.00 	 0.00 
94 	 350858.00 	 3.50 	 350858.00 	 0.47 	 350858 	 1.98	 350858 	 0.00 	 0.00 	 0.00 
95 	 409560.00 	 3.10 	 409560.00 	 0.45 	 409560 	 1.96	 409560 	 0.00 	 0.00 	 0.00 
96 	 363688.00 	 4.43 	 363688.00 	 0.43 	 363688 	 1.95	 363688 	 0.00 	 0.00 	 0.00 
97 	 416685.00 	 5.29 	 416685.00 	 0.44 	 416685 	 1.98	 416685 	 0.00 	 0.00 	 0.00 
98 	 409197.00 	 3.59 	 409197.00 	 0.43 	 409197 	 1.96	 409197 	 0.00 	 0.00 	 0.00 
99 	 375263.00 	 5.36 	 375263.00 	 0.45 	 375263 	 2.03	 375263 	 0.00 	 0.00 	 0.00 
100 	 390869.00 	 3.50 	 390869.00 	 0.51 	 390869 	 1.97	 390869 	 0.00 	 0.00 	 0.00 
