Instance 	 ip_model 	 	 lr_model 	 	 greedy 	 	 UB 	 
 	 objval 	 time 	 objval 	 time 	 objval 	 time 	 objval 	 time 
1 	 373852.00 	 3.28 	 373852.00 	 0.44 	 373852 	 1.95	 386288 	 0.00 	 0.00 	 0.00 
2 	 413193.00 	 4.36 	 413193.00 	 0.45 	 413193 	 2.01	 427102 	 0.00 	 0.00 	 0.00 
3 	 362701.00 	 3.90 	 362701.00 	 0.51 	 362701 	 1.99	 375809 	 0.00 	 0.00 	 0.00 
4 	 413523.00 	 2.98 	 413523.00 	 0.48 	 413523 	 1.96	 430044 	 0.00 	 0.00 	 0.00 
5 	 383392.00 	 4.59 	 383392.00 	 0.48 	 383392 	 1.99	 396111 	 0.00 	 0.00 	 0.00 
6 	 406475.00 	 3.81 	 406475.00 	 0.48 	 406475 	 1.94	 421880 	 0.00 	 0.00 	 0.00 
7 	 369000.00 	 3.21 	 369000.00 	 0.46 	 369000 	 1.97	 383833 	 0.00 	 0.00 	 0.00 
8 	 392086.00 	 2.82 	 392086.00 	 0.55 	 392086 	 1.98	 403329 	 0.00 	 0.00 	 0.00 
9 	 360097.00 	 3.02 	 360097.00 	 0.49 	 360097 	 1.95	 374866 	 0.00 	 0.00 	 0.00 
10 	 342302.00 	 2.96 	 342302.00 	 0.46 	 342302 	 1.93	 357390 	 0.00 	 0.00 	 0.00 
11 	 366518.00 	 3.81 	 366518.00 	 0.47 	 366518 	 2.01	 380311 	 0.00 	 0.00 	 0.00 
12 	 383552.00 	 4.44 	 383552.00 	 0.50 	 383552 	 1.99	 399938 	 0.00 	 0.00 	 0.00 
13 	 383809.00 	 3.12 	 383809.00 	 0.42 	 383809 	 1.97	 399264 	 0.00 	 0.00 	 0.00 
14 	 381192.00 	 4.24 	 381192.00 	 0.52 	 381192 	 1.99	 395256 	 0.00 	 0.00 	 0.00 
15 	 383809.00 	 4.13 	 383809.00 	 0.46 	 383809 	 1.95	 398449 	 0.00 	 0.00 	 0.00 
16 	 368338.00 	 3.31 	 368338.00 	 0.47 	 368338 	 1.98	 382708 	 0.00 	 0.00 	 0.00 
17 	 383522.00 	 3.59 	 383522.00 	 0.50 	 383522 	 2.00	 399287 	 0.00 	 0.00 	 0.00 
18 	 381814.00 	 3.59 	 381814.00 	 0.46 	 381817 	 1.97	 396425 	 0.00 	 3.00 	 0.00 
19 	 379464.00 	 2.74 	 379464.00 	 0.46 	 379464 	 1.98	 393301 	 0.00 	 0.00 	 0.00 
20 	 351481.00 	 4.19 	 351481.00 	 0.50 	 351481 	 2.01	 366616 	 0.00 	 0.00 	 0.00 
21 	 389458.00 	 2.83 	 389458.00 	 0.48 	 389458 	 1.99	 403808 	 0.00 	 0.00 	 0.00 
22 	 399362.00 	 3.26 	 399362.00 	 0.46 	 399362 	 1.97	 414620 	 0.00 	 0.00 	 0.00 
23 	 394879.00 	 3.50 	 394879.00 	 0.49 	 394879 	 1.98	 408406 	 0.00 	 0.00 	 0.00 
24 	 366841.00 	 2.78 	 366841.00 	 0.46 	 366841 	 1.99	 378623 	 0.00 	 0.00 	 0.00 
25 	 343156.00 	 3.92 	 343156.00 	 0.53 	 343156 	 1.98	 355814 	 0.00 	 0.00 	 0.00 
26 	 387066.00 	 2.88 	 387066.00 	 0.48 	 387066 	 2.00	 401373 	 0.00 	 0.00 	 0.00 
27 	 411963.00 	 3.40 	 411963.00 	 0.47 	 411963 	 1.97	 427317 	 0.00 	 0.00 	 0.00 
28 	 417816.00 	 3.89 	 417816.00 	 0.48 	 417816 	 1.94	 433026 	 0.00 	 0.00 	 0.00 
29 	 380082.00 	 2.96 	 380082.00 	 0.46 	 380082 	 1.93	 393287 	 0.00 	 0.00 	 0.00 
30 	 365702.00 	 3.35 	 365702.00 	 0.56 	 365702 	 1.98	 380284 	 0.00 	 0.00 	 0.00 
31 	 387439.00 	 3.48 	 387439.00 	 0.49 	 387439 	 1.94	 399840 	 0.00 	 0.00 	 0.00 
32 	 407519.00 	 2.58 	 407519.00 	 0.45 	 407519 	 1.94	 423480 	 0.00 	 0.00 	 0.00 
33 	 387929.00 	 3.37 	 387929.00 	 0.49 	 387929 	 2.01	 400892 	 0.00 	 0.00 	 0.00 
34 	 343833.00 	 3.47 	 343833.00 	 0.47 	 343833 	 1.97	 360906 	 0.00 	 0.00 	 0.00 
35 	 353392.00 	 4.04 	 353392.00 	 0.46 	 353392 	 1.96	 367690 	 0.00 	 0.00 	 0.00 
36 	 385543.00 	 3.14 	 385543.00 	 0.49 	 385543 	 1.98	 401460 	 0.00 	 0.00 	 0.00 
37 	 363673.00 	 3.11 	 363673.00 	 0.47 	 363673 	 1.97	 375899 	 0.00 	 0.00 	 0.00 
38 	 396557.00 	 2.97 	 396557.00 	 0.52 	 396557 	 1.98	 409255 	 0.00 	 0.00 	 0.00 
39 	 369070.00 	 4.67 	 369070.00 	 0.44 	 369070 	 1.94	 383967 	 0.00 	 0.00 	 0.00 
40 	 385004.00 	 2.28 	 385004.00 	 0.49 	 385004 	 1.97	 400194 	 0.00 	 0.00 	 0.00 
41 	 396352.00 	 3.23 	 396352.00 	 0.44 	 396352 	 2.00	 411355 	 0.00 	 0.00 	 0.00 
42 	 390896.00 	 2.75 	 390896.00 	 0.55 	 390919 	 2.00	 403292 	 0.00 	 23.00 	 0.00 
43 	 385459.00 	 2.89 	 385459.00 	 0.45 	 385459 	 2.03	 399884 	 0.00 	 0.00 	 0.00 
44 	 416029.00 	 2.80 	 416029.00 	 0.51 	 416029 	 2.01	 428224 	 0.00 	 0.00 	 0.00 
45 	 377737.00 	 3.54 	 377737.00 	 0.48 	 377737 	 2.04	 392061 	 0.00 	 0.00 	 0.00 
46 	 375324.00 	 4.17 	 375324.00 	 0.47 	 375324 	 2.04	 389420 	 0.00 	 0.00 	 0.00 
47 	 406648.00 	 3.08 	 406648.00 	 0.46 	 406648 	 1.85	 420683 	 0.00 	 0.00 	 0.00 
48 	 346572.00 	 3.64 	 346572.00 	 0.46 	 346572 	 1.90	 360000 	 0.00 	 0.00 	 0.00 
49 	 417890.00 	 3.37 	 417890.00 	 0.48 	 417890 	 1.97	 432805 	 0.00 	 0.00 	 0.00 
50 	 369686.00 	 3.07 	 369686.00 	 0.50 	 369686 	 1.99	 384622 	 0.00 	 0.00 	 0.00 
51 	 384425.00 	 3.23 	 384425.00 	 0.45 	 384425 	 1.96	 398824 	 0.00 	 0.00 	 0.00 
52 	 342816.00 	 4.20 	 342816.00 	 0.45 	 342816 	 1.91	 355791 	 0.00 	 0.00 	 0.00 
53 	 363715.00 	 3.74 	 363715.00 	 0.50 	 363715 	 1.95	 378449 	 0.00 	 0.00 	 0.00 
54 	 363135.00 	 2.69 	 363135.00 	 0.50 	 363135 	 1.95	 375324 	 0.00 	 0.00 	 0.00 
55 	 338971.00 	 3.63 	 338971.00 	 0.50 	 338971 	 1.99	 354339 	 0.00 	 0.00 	 0.00 
56 	 388988.00 	 3.43 	 388988.00 	 0.53 	 388988 	 1.96	 400936 	 0.00 	 0.00 	 0.00 
57 	 325566.00 	 3.16 	 325566.00 	 0.45 	 325566 	 1.97	 340059 	 0.00 	 0.00 	 0.00 
58 	 351053.00 	 2.84 	 351053.00 	 0.47 	 351053 	 1.96	 362214 	 0.00 	 0.00 	 0.00 
59 	 383041.00 	 4.86 	 383041.00 	 0.47 	 383041 	 2.15	 396757 	 0.00 	 0.00 	 0.00 
60 	 383605.00 	 3.19 	 383605.00 	 0.54 	 383605 	 2.02	 398659 	 0.00 	 0.00 	 0.00 
61 	 416397.00 	 3.68 	 416397.00 	 0.47 	 416397 	 2.11	 431572 	 0.00 	 0.00 	 0.00 
62 	 392264.00 	 3.59 	 392264.00 	 0.47 	 392264 	 2.03	 405666 	 0.00 	 0.00 	 0.00 
63 	 350239.00 	 3.22 	 350239.00 	 0.53 	 350239 	 2.07	 361096 	 0.00 	 0.00 	 0.00 
64 	 385470.00 	 3.99 	 385470.00 	 0.48 	 385470 	 1.98	 399865 	 0.00 	 0.00 	 0.00 
65 	 381142.00 	 3.86 	 381142.00 	 0.44 	 381142 	 2.12	 394295 	 0.00 	 0.00 	 0.00 
66 	 389293.00 	 3.42 	 389293.00 	 0.51 	 389293 	 1.99	 402425 	 0.00 	 0.00 	 0.00 
67 	 358227.00 	 2.94 	 358227.00 	 0.55 	 358227 	 2.08	 369298 	 0.00 	 0.00 	 0.00 
68 	 403412.00 	 4.57 	 403412.00 	 0.47 	 403412 	 2.04	 417658 	 0.00 	 0.00 	 0.00 
69 	 421387.00 	 3.20 	 421387.00 	 0.44 	 421387 	 1.98	 435615 	 0.00 	 0.00 	 0.00 
70 	 381093.00 	 4.22 	 381093.00 	 0.46 	 381093 	 2.02	 397733 	 0.00 	 0.00 	 0.00 
71 	 367321.00 	 3.55 	 367321.00 	 0.46 	 367321 	 2.01	 381311 	 0.00 	 0.00 	 0.00 
72 	 312703.00 	 4.69 	 312703.00 	 0.48 	 312703 	 2.01	 326532 	 0.00 	 0.00 	 0.00 
73 	 364114.00 	 2.76 	 364114.00 	 0.48 	 364114 	 1.99	 377148 	 0.00 	 0.00 	 0.00 
74 	 387620.00 	 4.31 	 387620.00 	 0.48 	 387620 	 2.02	 400713 	 0.00 	 0.00 	 0.00 
75 	 372671.00 	 3.05 	 372671.00 	 0.50 	 372671 	 1.98	 385314 	 0.00 	 0.00 	 0.00 
76 	 401277.00 	 4.00 	 401277.00 	 0.51 	 401277 	 1.97	 412498 	 0.00 	 0.00 	 0.00 
77 	 382067.00 	 2.83 	 382067.00 	 0.49 	 382067 	 1.95	 397105 	 0.00 	 0.00 	 0.00 
78 	 389074.00 	 3.21 	 389074.00 	 0.46 	 389074 	 1.99	 403266 	 0.00 	 0.00 	 0.00 
79 	 363210.00 	 2.89 	 363210.00 	 0.46 	 363210 	 1.96	 376713 	 0.00 	 0.00 	 0.00 
80 	 361241.00 	 3.80 	 361241.00 	 0.44 	 361241 	 1.94	 373030 	 0.00 	 0.00 	 0.00 
81 	 331589.00 	 3.40 	 331589.00 	 0.53 	 331589 	 1.98	 345071 	 0.00 	 0.00 	 0.00 
82 	 345523.00 	 3.08 	 345523.00 	 0.46 	 345523 	 1.95	 358290 	 0.00 	 0.00 	 0.00 
83 	 365686.00 	 3.33 	 365686.00 	 0.44 	 365686 	 1.96	 381051 	 0.00 	 0.00 	 0.00 
84 	 335077.00 	 4.06 	 335077.00 	 0.46 	 335077 	 2.01	 348150 	 0.00 	 0.00 	 0.00 
85 	 366581.00 	 3.56 	 366581.00 	 0.44 	 366581 	 1.99	 379229 	 0.00 	 0.00 	 0.00 
86 	 396405.00 	 2.41 	 396405.00 	 0.44 	 396405 	 1.95	 407393 	 0.00 	 0.00 	 0.00 
87 	 395996.00 	 4.35 	 395996.00 	 0.46 	 395996 	 1.99	 409844 	 0.00 	 0.00 	 0.00 
88 	 384544.00 	 3.81 	 384544.00 	 0.45 	 384544 	 1.97	 399907 	 0.00 	 0.00 	 0.00 
89 	 381730.00 	 2.74 	 381730.00 	 0.44 	 381730 	 1.96	 392013 	 0.00 	 0.00 	 0.00 
90 	 375190.00 	 3.57 	 375190.00 	 0.44 	 375190 	 1.94	 388310 	 0.00 	 0.00 	 0.00 
91 	 365550.00 	 3.45 	 365550.00 	 0.47 	 365550 	 1.92	 382177 	 0.00 	 0.00 	 0.00 
92 	 372703.00 	 7.69 	 372694.50 	 0.45 	 372703 	 1.96	 384200 	 0.00 	 0.00 	 8.50 
93 	 375812.00 	 3.28 	 375812.00 	 0.52 	 375812 	 1.95	 389878 	 0.00 	 0.00 	 0.00 
94 	 337621.00 	 2.52 	 337621.00 	 0.45 	 337621 	 1.99	 350858 	 0.00 	 0.00 	 0.00 
95 	 393782.00 	 2.80 	 393782.00 	 0.46 	 393782 	 1.96	 409560 	 0.00 	 0.00 	 0.00 
96 	 348836.00 	 3.39 	 348836.00 	 0.49 	 348836 	 1.91	 363688 	 0.00 	 0.00 	 0.00 
97 	 403853.00 	 3.16 	 403853.00 	 0.50 	 403853 	 1.98	 416685 	 0.00 	 0.00 	 0.00 
98 	 393707.00 	 3.41 	 393707.00 	 0.47 	 393707 	 1.96	 409197 	 0.00 	 0.00 	 0.00 
99 	 363996.00 	 3.38 	 363996.00 	 0.52 	 363996 	 1.94	 375263 	 0.00 	 0.00 	 0.00 
100 	 376200.00 	 4.48 	 376200.00 	 0.50 	 376200 	 2.01	 390869 	 0.00 	 0.00 	 0.00 
