Instance 	 ip_model 	 	 lr_model 	 	 greedy 	 	 UB 	 
 	 objval 	 time 	 objval 	 time 	 objval 	 time 	 objval 	 time 
1 	 346857.00 	 1.86 	 346857.00 	 0.44 	 346857 	 1.75	 386288 	 0.00 	 0.00 	 0.00 
2 	 378689.00 	 4.24 	 378687.00 	 0.52 	 378689 	 1.75	 427102 	 0.00 	 0.00 	 2.00 
3 	 328648.00 	 2.27 	 328648.00 	 0.48 	 328648 	 1.75	 375809 	 0.00 	 0.00 	 0.00 
4 	 366685.00 	 2.28 	 366685.00 	 0.44 	 366685 	 1.75	 430044 	 0.00 	 0.00 	 0.00 
5 	 353787.00 	 4.15 	 353786.00 	 0.48 	 353787 	 1.79	 396111 	 0.00 	 0.00 	 1.00 
6 	 370265.00 	 2.66 	 370265.00 	 0.48 	 370265 	 1.75	 421880 	 0.00 	 0.00 	 0.00 
7 	 333022.00 	 2.55 	 333022.00 	 0.43 	 333022 	 1.71	 383833 	 0.00 	 0.00 	 0.00 
8 	 358703.00 	 6.18 	 358683.50 	 0.41 	 358706 	 1.58	 403329 	 0.00 	 3.00 	 19.50 
9 	 333921.00 	 1.83 	 333921.00 	 0.52 	 333921 	 1.73	 374866 	 0.00 	 0.00 	 0.00 
10 	 303712.00 	 2.57 	 303712.00 	 0.42 	 303712 	 1.78	 357390 	 0.00 	 0.00 	 0.00 
11 	 337745.00 	 1.98 	 337745.00 	 0.48 	 337745 	 1.76	 380311 	 0.00 	 0.00 	 0.00 
12 	 345542.00 	 2.53 	 345542.00 	 0.44 	 345542 	 1.78	 399938 	 0.00 	 0.00 	 0.00 
13 	 344965.00 	 2.79 	 344965.00 	 0.44 	 344965 	 1.51	 399264 	 0.00 	 0.00 	 0.00 
14 	 351096.00 	 5.02 	 351086.50 	 0.47 	 351096 	 1.76	 395256 	 0.00 	 0.00 	 9.50 
15 	 349902.00 	 5.01 	 349899.00 	 0.49 	 349902 	 1.81	 398449 	 0.00 	 0.00 	 3.00 
16 	 330903.00 	 2.32 	 330903.00 	 0.43 	 330903 	 1.72	 382708 	 0.00 	 0.00 	 0.00 
17 	 349051.00 	 4.56 	 349043.50 	 0.46 	 349054 	 1.64	 399287 	 0.00 	 3.00 	 7.50 
18 	 350428.00 	 2.32 	 350428.00 	 0.51 	 350428 	 1.61	 396425 	 0.00 	 0.00 	 0.00 
19 	 348512.00 	 4.38 	 348507.00 	 0.50 	 348512 	 1.66	 393301 	 0.00 	 0.00 	 5.00 
20 	 312220.00 	 2.09 	 312220.00 	 0.47 	 312220 	 1.64	 366616 	 0.00 	 0.00 	 0.00 
21 	 358031.00 	 1.89 	 358031.00 	 0.46 	 358031 	 1.61	 403808 	 0.00 	 0.00 	 0.00 
22 	 364129.00 	 4.44 	 364126.00 	 0.48 	 364129 	 1.55	 414620 	 0.00 	 0.00 	 3.00 
23 	 369535.00 	 2.03 	 369535.00 	 0.51 	 369536 	 1.63	 408406 	 0.00 	 1.00 	 0.00 
24 	 341989.00 	 2.09 	 341989.00 	 0.40 	 341989 	 1.51	 378623 	 0.00 	 0.00 	 0.00 
25 	 311980.00 	 4.11 	 311974.00 	 0.51 	 311980 	 1.65	 355814 	 0.00 	 0.00 	 6.00 
26 	 351928.00 	 3.27 	 351928.00 	 0.45 	 351928 	 1.63	 401373 	 0.00 	 0.00 	 0.00 
27 	 373949.00 	 2.09 	 373949.00 	 0.45 	 373959 	 1.51	 427317 	 0.00 	 10.00 	 0.00 
28 	 388489.00 	 2.36 	 388489.00 	 0.52 	 388489 	 1.66	 433026 	 0.00 	 0.00 	 0.00 
29 	 352859.00 	 1.91 	 352859.00 	 0.49 	 352859 	 1.64	 393287 	 0.00 	 0.00 	 0.00 
30 	 335029.00 	 2.08 	 335029.00 	 0.48 	 335029 	 1.52	 380284 	 0.00 	 0.00 	 0.00 
31 	 361006.00 	 3.81 	 361002.33 	 0.47 	 361006 	 1.52	 399840 	 0.00 	 0.00 	 3.67 
32 	 372304.00 	 2.38 	 372304.00 	 0.46 	 372304 	 1.50	 423480 	 0.00 	 0.00 	 0.00 
33 	 361143.00 	 3.77 	 361136.50 	 0.49 	 361143 	 1.73	 400892 	 0.00 	 0.00 	 6.50 
34 	 303586.00 	 2.10 	 303586.00 	 0.44 	 303586 	 1.53	 360906 	 0.00 	 0.00 	 0.00 
35 	 321448.00 	 4.94 	 321439.67 	 0.47 	 321448 	 1.54	 367690 	 0.00 	 0.00 	 8.33 
36 	 345776.00 	 5.08 	 345763.00 	 0.48 	 345776 	 1.69	 401460 	 0.00 	 0.00 	 13.00 
37 	 331291.00 	 2.15 	 331291.00 	 0.52 	 331291 	 1.53	 375899 	 0.00 	 0.00 	 0.00 
38 	 361732.00 	 2.24 	 361732.00 	 0.48 	 361732 	 1.66	 409255 	 0.00 	 0.00 	 0.00 
39 	 339675.00 	 1.89 	 339675.00 	 0.46 	 339681 	 1.74	 383967 	 0.00 	 6.00 	 0.00 
40 	 355312.00 	 1.90 	 355312.00 	 0.52 	 355312 	 1.76	 400194 	 0.00 	 0.00 	 0.00 
41 	 365967.00 	 1.96 	 365967.00 	 0.50 	 365967 	 1.73	 411355 	 0.00 	 0.00 	 0.00 
42 	 367217.00 	 1.83 	 367217.00 	 0.50 	 367217 	 1.71	 403292 	 0.00 	 0.00 	 0.00 
43 	 356328.00 	 4.64 	 356324.67 	 0.49 	 356340 	 1.59	 399884 	 0.00 	 12.00 	 3.33 
44 	 386620.00 	 4.95 	 386617.33 	 0.51 	 386620 	 1.73	 428224 	 0.00 	 0.00 	 2.67 
45 	 341864.00 	 2.06 	 341864.00 	 0.42 	 341864 	 1.52	 392061 	 0.00 	 0.00 	 0.00 
46 	 347792.00 	 2.06 	 347792.00 	 0.48 	 347792 	 1.73	 389420 	 0.00 	 0.00 	 0.00 
47 	 371644.00 	 4.55 	 371621.00 	 0.44 	 371652 	 1.54	 420683 	 0.00 	 8.00 	 23.00 
48 	 316946.00 	 2.10 	 316946.00 	 0.50 	 316946 	 1.71	 360000 	 0.00 	 0.00 	 0.00 
49 	 381825.00 	 2.33 	 381825.00 	 0.47 	 381825 	 1.51	 432805 	 0.00 	 0.00 	 0.00 
50 	 337909.00 	 2.51 	 337909.00 	 0.46 	 337909 	 1.50	 384622 	 0.00 	 0.00 	 0.00 
51 	 354541.00 	 2.39 	 354541.00 	 0.45 	 354541 	 1.54	 398824 	 0.00 	 0.00 	 0.00 
52 	 312346.00 	 2.75 	 312346.00 	 0.46 	 312346 	 1.50	 355791 	 0.00 	 0.00 	 0.00 
53 	 330124.00 	 4.01 	 330119.00 	 0.51 	 330124 	 1.80	 378449 	 0.00 	 0.00 	 5.00 
54 	 337507.00 	 2.05 	 337507.00 	 0.53 	 337507 	 1.61	 375324 	 0.00 	 0.00 	 0.00 
55 	 305182.00 	 2.69 	 305182.00 	 0.54 	 305182 	 1.50	 354339 	 0.00 	 0.00 	 0.00 
56 	 358647.00 	 4.18 	 358639.00 	 0.48 	 358647 	 1.52	 400936 	 0.00 	 0.00 	 8.00 
57 	 289865.00 	 3.52 	 289865.00 	 0.46 	 289865 	 2.42	 340059 	 0.00 	 0.00 	 0.00 
58 	 323374.00 	 2.44 	 323374.00 	 0.50 	 323374 	 1.51	 362214 	 0.00 	 0.00 	 0.00 
59 	 353447.00 	 1.77 	 353447.00 	 0.42 	 353447 	 1.51	 396757 	 0.00 	 0.00 	 0.00 
60 	 353654.00 	 4.40 	 353652.67 	 0.48 	 353654 	 1.72	 398659 	 0.00 	 0.00 	 1.33 
61 	 382055.00 	 2.66 	 382055.00 	 0.41 	 382055 	 1.52	 431572 	 0.00 	 0.00 	 0.00 
62 	 365989.00 	 2.50 	 365989.00 	 0.49 	 365989 	 1.78	 405666 	 0.00 	 0.00 	 0.00 
63 	 323424.00 	 1.78 	 323424.00 	 0.47 	 323424 	 1.51	 361096 	 0.00 	 0.00 	 0.00 
64 	 361646.00 	 3.95 	 361637.00 	 0.48 	 361646 	 1.78	 399865 	 0.00 	 0.00 	 9.00 
65 	 353127.00 	 4.45 	 353121.50 	 0.51 	 353127 	 1.52	 394295 	 0.00 	 0.00 	 5.50 
66 	 354941.00 	 3.98 	 354930.50 	 0.51 	 354941 	 1.80	 402425 	 0.00 	 0.00 	 10.50 
67 	 332822.00 	 2.24 	 332822.00 	 0.43 	 332822 	 1.54	 369298 	 0.00 	 0.00 	 0.00 
68 	 375259.00 	 5.79 	 375257.33 	 0.44 	 375259 	 1.74	 417658 	 0.00 	 0.00 	 1.67 
69 	 390242.00 	 2.20 	 390242.00 	 0.44 	 390242 	 1.50	 435615 	 0.00 	 0.00 	 0.00 
70 	 343330.00 	 3.21 	 343330.00 	 0.44 	 343330 	 1.50	 397733 	 0.00 	 0.00 	 0.00 
71 	 334312.00 	 2.10 	 334312.00 	 0.46 	 334312 	 1.76	 381311 	 0.00 	 0.00 	 0.00 
72 	 285269.00 	 4.63 	 285257.50 	 0.45 	 285269 	 1.78	 326532 	 0.00 	 0.00 	 11.50 
73 	 333081.00 	 3.76 	 333073.00 	 0.50 	 333081 	 1.76	 377148 	 0.00 	 0.00 	 8.00 
74 	 360867.00 	 3.20 	 360867.00 	 0.48 	 360867 	 1.74	 400713 	 0.00 	 0.00 	 0.00 
75 	 346560.00 	 2.04 	 346560.00 	 0.47 	 346560 	 1.77	 385314 	 0.00 	 0.00 	 0.00 
76 	 377164.00 	 4.91 	 377157.67 	 0.44 	 377164 	 1.75	 412498 	 0.00 	 0.00 	 6.33 
77 	 347927.00 	 2.44 	 347927.00 	 0.49 	 347927 	 1.53	 397105 	 0.00 	 0.00 	 0.00 
78 	 357792.00 	 2.33 	 357792.00 	 0.57 	 357792 	 1.73	 403266 	 0.00 	 0.00 	 0.00 
79 	 333901.00 	 2.59 	 333901.00 	 0.51 	 333901 	 1.79	 376713 	 0.00 	 0.00 	 0.00 
80 	 339119.00 	 5.60 	 339116.80 	 0.56 	 339119 	 1.82	 373030 	 0.00 	 0.00 	 2.20 
81 	 302790.00 	 1.74 	 302790.00 	 0.50 	 302790 	 1.52	 345071 	 0.00 	 0.00 	 0.00 
82 	 315865.00 	 4.82 	 315864.67 	 0.50 	 315876 	 1.80	 358290 	 0.00 	 11.00 	 0.33 
83 	 325988.00 	 2.50 	 325988.00 	 0.47 	 325988 	 1.74	 381051 	 0.00 	 0.00 	 0.00 
84 	 308422.00 	 2.77 	 308422.00 	 0.51 	 308422 	 1.75	 348150 	 0.00 	 0.00 	 0.00 
85 	 342634.00 	 3.30 	 342631.67 	 0.54 	 342634 	 1.76	 379229 	 0.00 	 0.00 	 2.33 
86 	 369699.00 	 2.02 	 369699.00 	 0.54 	 369699 	 1.79	 407393 	 0.00 	 0.00 	 0.00 
87 	 369488.00 	 2.11 	 369488.00 	 0.47 	 369491 	 1.91	 409844 	 0.00 	 3.00 	 0.00 
88 	 350465.00 	 4.37 	 350459.50 	 0.52 	 350465 	 1.81	 399907 	 0.00 	 0.00 	 5.50 
89 	 355930.00 	 3.20 	 355930.00 	 0.45 	 355930 	 1.77	 392013 	 0.00 	 0.00 	 0.00 
90 	 349169.00 	 4.19 	 349165.50 	 0.50 	 349169 	 1.85	 388310 	 0.00 	 0.00 	 3.50 
91 	 331302.00 	 3.47 	 331302.00 	 0.47 	 331302 	 1.51	 382177 	 0.00 	 0.00 	 0.00 
92 	 344830.00 	 2.24 	 344830.00 	 0.47 	 344830 	 1.75	 384200 	 0.00 	 0.00 	 0.00 
93 	 345694.00 	 2.34 	 345694.00 	 0.51 	 345704 	 1.66	 389878 	 0.00 	 10.00 	 0.00 
94 	 309534.00 	 4.21 	 309523.50 	 0.52 	 309534 	 1.53	 350858 	 0.00 	 0.00 	 10.50 
95 	 352396.00 	 2.27 	 352396.00 	 0.54 	 352396 	 1.78	 409560 	 0.00 	 0.00 	 0.00 
96 	 317543.00 	 2.43 	 317543.00 	 0.43 	 317543 	 1.74	 363688 	 0.00 	 0.00 	 0.00 
97 	 375046.00 	 2.26 	 375046.00 	 0.49 	 375047 	 1.54	 416685 	 0.00 	 1.00 	 0.00 
98 	 355555.00 	 1.97 	 355555.00 	 0.54 	 355555 	 1.78	 409197 	 0.00 	 0.00 	 0.00 
99 	 341671.00 	 1.65 	 341671.00 	 0.41 	 341671 	 1.58	 375263 	 0.00 	 0.00 	 0.00 
100 	 350032.00 	 4.49 	 350020.00 	 0.47 	 350032 	 1.67	 390869 	 0.00 	 0.00 	 12.00 
