Instance 	 ip_model 	 	 lr_model 	 	 greedy 	 	 UB 	 
 	 objval 	 time 	 objval 	 time 	 objval 	 time 	 objval 	 time 
1 	 342730.00 	 4.62 	 342725.50 	 0.47 	 342730 	 1.44	 386288 	 0.00 	 0.00 	 4.50 
2 	 375074.00 	 2.55 	 375074.00 	 0.53 	 375074 	 1.43	 427102 	 0.00 	 0.00 	 0.00 
3 	 325446.00 	 3.75 	 325442.00 	 0.48 	 325446 	 1.44	 375809 	 0.00 	 0.00 	 4.00 
4 	 362912.00 	 2.16 	 362912.00 	 0.41 	 362912 	 1.22	 430044 	 0.00 	 0.00 	 0.00 
5 	 350395.00 	 2.65 	 350395.00 	 0.45 	 350395 	 1.47	 396111 	 0.00 	 0.00 	 0.00 
6 	 366796.00 	 2.26 	 366796.00 	 0.49 	 366796 	 1.38	 421880 	 0.00 	 0.00 	 0.00 
7 	 329769.00 	 2.60 	 329769.00 	 0.43 	 329769 	 1.28	 383833 	 0.00 	 0.00 	 0.00 
8 	 354694.00 	 1.87 	 354694.00 	 0.48 	 354694 	 1.52	 403329 	 0.00 	 0.00 	 0.00 
9 	 331904.00 	 1.59 	 331904.00 	 0.44 	 331904 	 1.50	 374866 	 0.00 	 0.00 	 0.00 
10 	 300582.00 	 1.85 	 300582.00 	 0.52 	 300584 	 1.42	 357390 	 0.00 	 2.00 	 0.00 
11 	 334875.00 	 3.10 	 334874.50 	 0.49 	 334875 	 1.45	 380311 	 0.00 	 0.00 	 0.50 
12 	 341808.00 	 3.02 	 341808.00 	 0.47 	 341808 	 1.40	 399938 	 0.00 	 0.00 	 0.00 
13 	 340517.00 	 1.97 	 340517.00 	 0.50 	 340517 	 1.46	 399264 	 0.00 	 0.00 	 0.00 
14 	 347871.00 	 2.32 	 347871.00 	 0.49 	 347871 	 1.46	 395256 	 0.00 	 0.00 	 0.00 
15 	 346790.00 	 3.74 	 346786.00 	 0.47 	 346790 	 1.42	 398449 	 0.00 	 0.00 	 4.00 
16 	 327966.00 	 1.51 	 327966.00 	 0.46 	 327975 	 1.47	 382708 	 0.00 	 9.00 	 0.00 
17 	 345382.00 	 4.13 	 345368.00 	 0.48 	 345382 	 1.48	 399287 	 0.00 	 0.00 	 14.00 
18 	 347862.00 	 1.50 	 347862.00 	 0.45 	 347862 	 1.23	 396425 	 0.00 	 0.00 	 0.00 
19 	 344841.00 	 1.66 	 344841.00 	 0.46 	 344841 	 1.45	 393301 	 0.00 	 0.00 	 0.00 
20 	 308412.00 	 1.81 	 308412.00 	 0.44 	 308429 	 1.46	 366616 	 0.00 	 17.00 	 0.00 
21 	 355574.00 	 1.81 	 355574.00 	 0.44 	 355574 	 1.24	 403808 	 0.00 	 0.00 	 0.00 
22 	 360413.00 	 1.72 	 360413.00 	 0.43 	 360413 	 1.47	 414620 	 0.00 	 0.00 	 0.00 
23 	 367087.00 	 1.80 	 367087.00 	 0.46 	 367087 	 1.44	 408406 	 0.00 	 0.00 	 0.00 
24 	 339725.00 	 1.64 	 339725.00 	 0.43 	 339725 	 1.46	 378623 	 0.00 	 0.00 	 0.00 
25 	 308696.00 	 1.80 	 308696.00 	 0.44 	 308696 	 1.38	 355814 	 0.00 	 0.00 	 0.00 
26 	 348939.00 	 3.75 	 348933.00 	 0.43 	 348939 	 1.24	 401373 	 0.00 	 0.00 	 6.00 
27 	 370656.00 	 1.50 	 370656.00 	 0.51 	 370656 	 1.44	 427317 	 0.00 	 0.00 	 0.00 
28 	 384807.00 	 1.66 	 384807.00 	 0.46 	 384807 	 1.42	 433026 	 0.00 	 0.00 	 0.00 
29 	 350872.00 	 1.41 	 350872.00 	 0.47 	 350874 	 1.38	 393287 	 0.00 	 2.00 	 0.00 
30 	 331497.00 	 1.58 	 331497.00 	 0.45 	 331497 	 1.49	 380284 	 0.00 	 0.00 	 0.00 
31 	 358173.00 	 1.77 	 358173.00 	 0.47 	 358175 	 1.24	 399840 	 0.00 	 2.00 	 0.00 
32 	 369341.00 	 1.96 	 369341.00 	 0.40 	 369341 	 1.58	 423480 	 0.00 	 0.00 	 0.00 
33 	 358240.00 	 1.71 	 358240.00 	 0.46 	 358244 	 1.47	 400892 	 0.00 	 4.00 	 0.00 
34 	 299666.00 	 1.90 	 299666.00 	 0.43 	 299666 	 1.22	 360906 	 0.00 	 0.00 	 0.00 
35 	 317213.00 	 3.17 	 317212.00 	 0.46 	 317214 	 1.44	 367690 	 0.00 	 1.00 	 1.00 
36 	 341409.00 	 1.85 	 341409.00 	 0.46 	 341409 	 1.46	 401460 	 0.00 	 0.00 	 0.00 
37 	 327927.00 	 3.45 	 327925.00 	 0.49 	 327934 	 1.44	 375899 	 0.00 	 7.00 	 2.00 
38 	 358905.00 	 1.65 	 358905.00 	 0.49 	 358905 	 1.41	 409255 	 0.00 	 0.00 	 0.00 
39 	 336856.00 	 1.87 	 336856.00 	 0.47 	 336856 	 1.48	 383967 	 0.00 	 0.00 	 0.00 
40 	 353083.00 	 1.79 	 353083.00 	 0.49 	 353083 	 1.40	 400194 	 0.00 	 0.00 	 0.00 
41 	 363831.00 	 2.46 	 363830.50 	 0.43 	 363831 	 1.23	 411355 	 0.00 	 0.00 	 0.50 
42 	 365173.00 	 1.46 	 365173.00 	 0.43 	 365173 	 1.45	 403292 	 0.00 	 0.00 	 0.00 
43 	 353653.00 	 1.53 	 353653.00 	 0.43 	 353653 	 1.26	 399884 	 0.00 	 0.00 	 0.00 
44 	 383678.00 	 1.64 	 383678.00 	 0.47 	 383678 	 1.54	 428224 	 0.00 	 0.00 	 0.00 
45 	 338009.00 	 3.86 	 338005.00 	 0.43 	 338009 	 1.43	 392061 	 0.00 	 0.00 	 4.00 
46 	 346210.00 	 2.33 	 346209.25 	 0.40 	 346210 	 1.22	 389420 	 0.00 	 0.00 	 0.75 
47 	 368316.00 	 1.93 	 368316.00 	 0.51 	 368316 	 1.25	 420683 	 0.00 	 0.00 	 0.00 
48 	 314494.00 	 2.03 	 314494.00 	 0.43 	 314494 	 1.41	 360000 	 0.00 	 0.00 	 0.00 
49 	 378400.00 	 1.63 	 378400.00 	 0.53 	 378400 	 1.23	 432805 	 0.00 	 0.00 	 0.00 
50 	 335527.00 	 2.06 	 335526.50 	 0.45 	 335527 	 1.40	 384622 	 0.00 	 0.00 	 0.50 
51 	 352084.00 	 3.09 	 352083.67 	 0.56 	 352084 	 1.46	 398824 	 0.00 	 0.00 	 0.33 
52 	 309450.00 	 1.71 	 309450.00 	 0.45 	 309450 	 1.23	 355791 	 0.00 	 0.00 	 0.00 
53 	 326740.00 	 1.69 	 326740.00 	 0.44 	 326740 	 1.46	 378449 	 0.00 	 0.00 	 0.00 
54 	 335209.00 	 1.76 	 335209.00 	 0.51 	 335209 	 1.40	 375324 	 0.00 	 0.00 	 0.00 
55 	 301882.00 	 2.14 	 301882.00 	 0.42 	 301882 	 1.45	 354339 	 0.00 	 0.00 	 0.00 
56 	 355752.00 	 1.69 	 355752.00 	 0.45 	 355752 	 1.38	 400936 	 0.00 	 0.00 	 0.00 
57 	 286640.00 	 1.78 	 286640.00 	 0.46 	 286640 	 1.22	 340059 	 0.00 	 0.00 	 0.00 
58 	 320753.00 	 1.76 	 320753.00 	 0.46 	 320753 	 1.22	 362214 	 0.00 	 0.00 	 0.00 
59 	 350701.00 	 1.84 	 350701.00 	 0.47 	 350701 	 1.22	 396757 	 0.00 	 0.00 	 0.00 
60 	 350483.00 	 4.71 	 350479.67 	 0.52 	 350486 	 1.44	 398659 	 0.00 	 3.00 	 3.33 
61 	 378818.00 	 2.41 	 378817.50 	 0.47 	 378818 	 1.45	 431572 	 0.00 	 0.00 	 0.50 
62 	 363747.00 	 1.57 	 363747.00 	 0.47 	 363747 	 1.52	 405666 	 0.00 	 0.00 	 0.00 
63 	 321112.00 	 1.92 	 321112.00 	 0.44 	 321112 	 1.22	 361096 	 0.00 	 0.00 	 0.00 
64 	 359617.00 	 1.88 	 359617.00 	 0.45 	 359617 	 1.25	 399865 	 0.00 	 0.00 	 0.00 
65 	 349345.00 	 2.22 	 349345.00 	 0.44 	 349345 	 1.42	 394295 	 0.00 	 0.00 	 0.00 
66 	 351200.00 	 1.68 	 351200.00 	 0.45 	 351200 	 1.47	 402425 	 0.00 	 0.00 	 0.00 
67 	 330092.00 	 2.13 	 330092.00 	 0.48 	 330092 	 1.44	 369298 	 0.00 	 0.00 	 0.00 
68 	 372830.00 	 1.59 	 372830.00 	 0.46 	 372830 	 1.43	 417658 	 0.00 	 0.00 	 0.00 
69 	 387366.00 	 3.81 	 387362.00 	 0.52 	 387366 	 1.39	 435615 	 0.00 	 0.00 	 4.00 
70 	 340242.00 	 1.74 	 340242.00 	 0.49 	 340242 	 1.44	 397733 	 0.00 	 0.00 	 0.00 
71 	 332026.00 	 1.59 	 332026.00 	 0.47 	 332026 	 1.45	 381311 	 0.00 	 0.00 	 0.00 
72 	 282311.00 	 1.94 	 282311.00 	 0.38 	 282311 	 1.23	 326532 	 0.00 	 0.00 	 0.00 
73 	 331322.00 	 1.54 	 331322.00 	 0.52 	 331322 	 1.45	 377148 	 0.00 	 0.00 	 0.00 
74 	 358488.00 	 3.21 	 358486.00 	 0.48 	 358488 	 1.44	 400713 	 0.00 	 0.00 	 2.00 
75 	 343986.00 	 1.93 	 343986.00 	 0.44 	 343986 	 1.22	 385314 	 0.00 	 0.00 	 0.00 
76 	 374610.00 	 1.38 	 374610.00 	 0.48 	 374610 	 1.42	 412498 	 0.00 	 0.00 	 0.00 
77 	 345126.00 	 1.95 	 345126.00 	 0.48 	 345126 	 1.25	 397105 	 0.00 	 0.00 	 0.00 
78 	 354725.00 	 2.25 	 354725.00 	 0.45 	 354725 	 1.35	 403266 	 0.00 	 0.00 	 0.00 
79 	 330776.00 	 2.10 	 330776.00 	 0.45 	 330776 	 1.45	 376713 	 0.00 	 0.00 	 0.00 
80 	 335839.00 	 2.02 	 335839.00 	 0.46 	 335839 	 1.21	 373030 	 0.00 	 0.00 	 0.00 
81 	 299914.00 	 2.09 	 299914.00 	 0.47 	 299914 	 1.45	 345071 	 0.00 	 0.00 	 0.00 
82 	 312914.00 	 1.72 	 312914.00 	 0.50 	 312914 	 1.25	 358290 	 0.00 	 0.00 	 0.00 
83 	 321604.00 	 1.73 	 321604.00 	 0.43 	 321604 	 1.23	 381051 	 0.00 	 0.00 	 0.00 
84 	 306108.00 	 1.42 	 306108.00 	 0.47 	 306108 	 1.43	 348150 	 0.00 	 0.00 	 0.00 
85 	 340641.00 	 1.46 	 340641.00 	 0.44 	 340641 	 1.43	 379229 	 0.00 	 0.00 	 0.00 
86 	 367347.00 	 1.74 	 367347.00 	 0.46 	 367347 	 1.23	 407393 	 0.00 	 0.00 	 0.00 
87 	 366778.00 	 3.78 	 366774.33 	 0.46 	 366778 	 1.42	 409844 	 0.00 	 0.00 	 3.67 
88 	 347337.00 	 2.19 	 347337.00 	 0.46 	 347337 	 1.24	 399907 	 0.00 	 0.00 	 0.00 
89 	 354049.00 	 1.16 	 354049.00 	 0.46 	 354060 	 1.22	 392013 	 0.00 	 11.00 	 0.00 
90 	 347841.00 	 2.28 	 347840.25 	 0.44 	 347844 	 2.42	 388310 	 0.00 	 3.00 	 0.75 
91 	 328016.00 	 1.60 	 328016.00 	 0.46 	 328016 	 1.41	 382177 	 0.00 	 0.00 	 0.00 
92 	 341357.00 	 1.95 	 341357.00 	 0.51 	 341357 	 2.02	 384200 	 0.00 	 0.00 	 0.00 
93 	 342143.00 	 1.68 	 342143.00 	 0.46 	 342143 	 1.44	 389878 	 0.00 	 0.00 	 0.00 
94 	 307029.00 	 1.72 	 307029.00 	 0.47 	 307037 	 1.26	 350858 	 0.00 	 8.00 	 0.00 
95 	 348493.00 	 2.88 	 348492.50 	 0.49 	 348493 	 1.42	 409560 	 0.00 	 0.00 	 0.50 
96 	 314550.00 	 1.89 	 314550.00 	 0.46 	 314556 	 1.48	 363688 	 0.00 	 6.00 	 0.00 
97 	 371465.00 	 3.27 	 371464.33 	 0.43 	 371468 	 1.38	 416685 	 0.00 	 3.00 	 0.67 
98 	 351513.00 	 1.95 	 351513.00 	 0.48 	 351513 	 1.46	 409197 	 0.00 	 0.00 	 0.00 
99 	 339527.00 	 2.21 	 339527.00 	 0.44 	 339527 	 1.46	 375263 	 0.00 	 0.00 	 0.00 
100 	 347018.00 	 1.55 	 347018.00 	 0.47 	 347018 	 1.48	 390869 	 0.00 	 0.00 	 0.00 
