Instance 	 ip_model 	 	 lr_model 	 	 greedy 	 	 UB 	 
 	 objval 	 time 	 objval 	 time 	 objval 	 time 	 objval 	 time 
1 	 14880.00 	 0.02 	 14880.00 	 0.01 	 14880 	 0.00	 16714 	 0.00 	 0.00 	 0.00 
2 	 14095.00 	 0.03 	 14095.00 	 0.01 	 14095 	 0.00	 16620 	 0.00 	 0.00 	 0.00 
3 	 17251.00 	 0.03 	 17251.00 	 0.02 	 17251 	 0.00	 19552 	 0.00 	 0.00 	 0.00 
4 	 11902.00 	 0.03 	 11902.00 	 0.02 	 11902 	 0.00	 13604 	 0.00 	 0.00 	 0.00 
5 	 15520.00 	 0.03 	 15520.00 	 0.01 	 15520 	 0.00	 17003 	 0.00 	 0.00 	 0.00 
6 	 17671.00 	 0.03 	 17671.00 	 0.01 	 17671 	 0.00	 19967 	 0.00 	 0.00 	 0.00 
7 	 15666.00 	 0.03 	 15666.00 	 0.01 	 15666 	 0.00	 17311 	 0.00 	 0.00 	 0.00 
8 	 15259.00 	 0.03 	 15259.00 	 0.01 	 15259 	 0.00	 16351 	 0.00 	 0.00 	 0.00 
9 	 17590.00 	 0.03 	 17590.00 	 0.01 	 17590 	 0.00	 19262 	 0.00 	 0.00 	 0.00 
10 	 14639.00 	 0.05 	 14637.00 	 0.02 	 14639 	 0.00	 15732 	 0.00 	 0.00 	 2.00 
11 	 18166.00 	 0.02 	 18166.00 	 0.01 	 18166 	 0.00	 19483 	 0.00 	 0.00 	 0.00 
12 	 14308.00 	 0.03 	 14308.00 	 0.01 	 14308 	 0.00	 16918 	 0.00 	 0.00 	 0.00 
13 	 13865.00 	 0.03 	 13865.00 	 0.01 	 13865 	 0.00	 14971 	 0.00 	 0.00 	 0.00 
14 	 11393.00 	 0.02 	 11393.00 	 0.01 	 11393 	 0.00	 12948 	 0.00 	 0.00 	 0.00 
15 	 12823.00 	 0.03 	 12823.00 	 0.01 	 12823 	 0.00	 14715 	 0.00 	 0.00 	 0.00 
16 	 16263.00 	 0.03 	 16263.00 	 0.02 	 16263 	 0.00	 17441 	 0.00 	 0.00 	 0.00 
17 	 18925.00 	 0.03 	 18925.00 	 0.02 	 18925 	 0.00	 20216 	 0.00 	 0.00 	 0.00 
18 	 15326.00 	 0.04 	 15326.00 	 0.01 	 15326 	 0.00	 17502 	 0.00 	 0.00 	 0.00 
19 	 13643.00 	 0.03 	 13643.00 	 0.01 	 13643 	 0.00	 15592 	 0.00 	 0.00 	 0.00 
20 	 13266.00 	 0.03 	 13266.00 	 0.02 	 13266 	 0.00	 15255 	 0.00 	 0.00 	 0.00 
21 	 15031.00 	 0.02 	 15031.00 	 0.01 	 15031 	 0.00	 16396 	 0.00 	 0.00 	 0.00 
22 	 15028.00 	 0.03 	 15028.00 	 0.01 	 15028 	 0.00	 16651 	 0.00 	 0.00 	 0.00 
23 	 17205.00 	 0.03 	 17205.00 	 0.01 	 17205 	 0.00	 18757 	 0.00 	 0.00 	 0.00 
24 	 14723.00 	 0.06 	 14723.00 	 0.02 	 14723 	 0.00	 16071 	 0.00 	 0.00 	 0.00 
25 	 13921.00 	 0.04 	 13921.00 	 0.02 	 13921 	 0.00	 15947 	 0.00 	 0.00 	 0.00 
26 	 11943.00 	 0.04 	 11943.00 	 0.02 	 11943 	 0.00	 13800 	 0.00 	 0.00 	 0.00 
27 	 15289.00 	 0.04 	 15289.00 	 0.01 	 15289 	 0.00	 17410 	 0.00 	 0.00 	 0.00 
28 	 17999.00 	 0.03 	 17999.00 	 0.01 	 17999 	 0.00	 20067 	 0.00 	 0.00 	 0.00 
29 	 17129.00 	 0.04 	 17129.00 	 0.02 	 17129 	 0.00	 19204 	 0.00 	 0.00 	 0.00 
30 	 15794.00 	 0.04 	 15794.00 	 0.02 	 15794 	 0.00	 18448 	 0.00 	 0.00 	 0.00 
31 	 14656.00 	 0.03 	 14656.00 	 0.02 	 14656 	 0.00	 16584 	 0.00 	 0.00 	 0.00 
32 	 10689.00 	 0.04 	 10689.00 	 0.02 	 10689 	 0.00	 12568 	 0.00 	 0.00 	 0.00 
33 	 14581.00 	 0.03 	 14581.00 	 0.01 	 14581 	 0.00	 17160 	 0.00 	 0.00 	 0.00 
34 	 15718.00 	 0.02 	 15718.00 	 0.01 	 15718 	 0.00	 17439 	 0.00 	 0.00 	 0.00 
35 	 15425.00 	 0.03 	 15425.00 	 0.02 	 15425 	 0.00	 17062 	 0.00 	 0.00 	 0.00 
36 	 14788.00 	 0.03 	 14788.00 	 0.02 	 14788 	 0.00	 16619 	 0.00 	 0.00 	 0.00 
37 	 17157.00 	 0.02 	 17157.00 	 0.01 	 17157 	 0.00	 18352 	 0.00 	 0.00 	 0.00 
38 	 14200.00 	 0.05 	 14199.00 	 0.02 	 14200 	 0.00	 16004 	 0.00 	 0.00 	 1.00 
39 	 16188.00 	 0.02 	 16188.00 	 0.01 	 16188 	 0.00	 17540 	 0.00 	 0.00 	 0.00 
40 	 13656.00 	 0.03 	 13656.00 	 0.01 	 13656 	 0.00	 15131 	 0.00 	 0.00 	 0.00 
41 	 13640.00 	 0.02 	 13640.00 	 0.01 	 13640 	 0.00	 15794 	 0.00 	 0.00 	 0.00 
42 	 14437.00 	 0.03 	 14437.00 	 0.01 	 14437 	 0.00	 15549 	 0.00 	 0.00 	 0.00 
43 	 16148.00 	 0.03 	 16148.00 	 0.01 	 16148 	 0.00	 16960 	 0.00 	 0.00 	 0.00 
44 	 12696.00 	 0.03 	 12696.00 	 0.01 	 12696 	 0.00	 14450 	 0.00 	 0.00 	 0.00 
45 	 14149.00 	 0.03 	 14149.00 	 0.01 	 14149 	 0.00	 15481 	 0.00 	 0.00 	 0.00 
46 	 12937.00 	 0.03 	 12937.00 	 0.02 	 12937 	 0.00	 13892 	 0.00 	 0.00 	 0.00 
47 	 12805.00 	 0.03 	 12805.00 	 0.01 	 12805 	 0.00	 14452 	 0.00 	 0.00 	 0.00 
48 	 15912.00 	 0.03 	 15912.00 	 0.01 	 15912 	 0.00	 17447 	 0.00 	 0.00 	 0.00 
49 	 13645.00 	 0.03 	 13645.00 	 0.01 	 13645 	 0.00	 15723 	 0.00 	 0.00 	 0.00 
50 	 10027.00 	 0.03 	 10027.00 	 0.01 	 10027 	 0.00	 11861 	 0.00 	 0.00 	 0.00 
51 	 12321.00 	 0.03 	 12321.00 	 0.02 	 12321 	 0.00	 14349 	 0.00 	 0.00 	 0.00 
52 	 14902.00 	 0.02 	 14902.00 	 0.01 	 14902 	 0.00	 17342 	 0.00 	 0.00 	 0.00 
53 	 13997.00 	 0.03 	 13997.00 	 0.01 	 13997 	 0.00	 14881 	 0.00 	 0.00 	 0.00 
54 	 16614.00 	 0.03 	 16614.00 	 0.01 	 16614 	 0.00	 17892 	 0.00 	 0.00 	 0.00 
55 	 13951.00 	 0.02 	 13951.00 	 0.01 	 13951 	 0.00	 15978 	 0.00 	 0.00 	 0.00 
56 	 18061.00 	 0.04 	 18060.67 	 0.02 	 18061 	 0.00	 19540 	 0.00 	 0.00 	 0.33 
57 	 11352.00 	 0.03 	 11352.00 	 0.01 	 11352 	 0.00	 13334 	 0.00 	 0.00 	 0.00 
58 	 13715.00 	 0.03 	 13715.00 	 0.01 	 13715 	 0.00	 16355 	 0.00 	 0.00 	 0.00 
59 	 15554.00 	 0.03 	 15554.00 	 0.01 	 15554 	 0.00	 18591 	 0.00 	 0.00 	 0.00 
60 	 15277.00 	 0.03 	 15277.00 	 0.01 	 15277 	 0.00	 17128 	 0.00 	 0.00 	 0.00 
61 	 15908.00 	 0.02 	 15908.00 	 0.01 	 15908 	 0.00	 17404 	 0.00 	 0.00 	 0.00 
62 	 13179.00 	 0.03 	 13179.00 	 0.01 	 13179 	 0.00	 15200 	 0.00 	 0.00 	 0.00 
63 	 15025.00 	 0.03 	 15025.00 	 0.01 	 15025 	 0.00	 16714 	 0.00 	 0.00 	 0.00 
64 	 16871.00 	 0.03 	 16871.00 	 0.02 	 16871 	 0.00	 19364 	 0.00 	 0.00 	 0.00 
65 	 12203.00 	 0.03 	 12203.00 	 0.02 	 12204 	 0.00	 14020 	 0.00 	 1.00 	 0.00 
66 	 18022.00 	 0.03 	 18022.00 	 0.01 	 18022 	 0.00	 20071 	 0.00 	 0.00 	 0.00 
67 	 16477.00 	 0.02 	 16477.00 	 0.01 	 16477 	 0.00	 18093 	 0.00 	 0.00 	 0.00 
68 	 14209.00 	 0.03 	 14209.00 	 0.01 	 14209 	 0.00	 16473 	 0.00 	 0.00 	 0.00 
69 	 12868.00 	 0.03 	 12868.00 	 0.02 	 12868 	 0.00	 14625 	 0.00 	 0.00 	 0.00 
70 	 12935.00 	 0.03 	 12935.00 	 0.02 	 12935 	 0.00	 14561 	 0.00 	 0.00 	 0.00 
71 	 15665.00 	 0.03 	 15665.00 	 0.01 	 15665 	 0.00	 17309 	 0.00 	 0.00 	 0.00 
72 	 12399.00 	 0.03 	 12399.00 	 0.01 	 12399 	 0.00	 14255 	 0.00 	 0.00 	 0.00 
73 	 13600.00 	 0.03 	 13600.00 	 0.02 	 13600 	 0.00	 15312 	 0.00 	 0.00 	 0.00 
74 	 19060.00 	 0.03 	 19060.00 	 0.01 	 19060 	 0.00	 21541 	 0.00 	 0.00 	 0.00 
75 	 13796.00 	 0.03 	 13796.00 	 0.01 	 13796 	 0.00	 15400 	 0.00 	 0.00 	 0.00 
76 	 14723.00 	 0.03 	 14723.00 	 0.01 	 14723 	 0.00	 16872 	 0.00 	 0.00 	 0.00 
77 	 14345.00 	 0.03 	 14345.00 	 0.02 	 14345 	 0.00	 17254 	 0.00 	 0.00 	 0.00 
78 	 16170.00 	 0.02 	 16170.00 	 0.01 	 16170 	 0.00	 18507 	 0.00 	 0.00 	 0.00 
79 	 11129.00 	 0.03 	 11129.00 	 0.01 	 11129 	 0.00	 13175 	 0.00 	 0.00 	 0.00 
80 	 13927.00 	 0.03 	 13927.00 	 0.02 	 13927 	 0.00	 15867 	 0.00 	 0.00 	 0.00 
81 	 15621.00 	 0.03 	 15621.00 	 0.01 	 15621 	 0.00	 17356 	 0.00 	 0.00 	 0.00 
82 	 12788.00 	 0.03 	 12788.00 	 0.01 	 12788 	 0.00	 13940 	 0.00 	 0.00 	 0.00 
83 	 14369.00 	 0.02 	 14369.00 	 0.01 	 14369 	 0.00	 15530 	 0.00 	 0.00 	 0.00 
84 	 17674.00 	 0.02 	 17674.00 	 0.01 	 17674 	 0.00	 18382 	 0.00 	 0.00 	 0.00 
85 	 13764.00 	 0.03 	 13764.00 	 0.01 	 13764 	 0.00	 15611 	 0.00 	 0.00 	 0.00 
86 	 16733.00 	 0.05 	 16732.50 	 0.02 	 16733 	 0.00	 18892 	 0.00 	 0.00 	 0.50 
87 	 17964.00 	 0.02 	 17964.00 	 0.01 	 17964 	 0.00	 20464 	 0.00 	 0.00 	 0.00 
88 	 13993.00 	 0.03 	 13993.00 	 0.01 	 13993 	 0.00	 15903 	 0.00 	 0.00 	 0.00 
89 	 13137.00 	 0.02 	 13137.00 	 0.01 	 13137 	 0.00	 14662 	 0.00 	 0.00 	 0.00 
90 	 12505.00 	 0.03 	 12505.00 	 0.01 	 12505 	 0.00	 14555 	 0.00 	 0.00 	 0.00 
91 	 13201.00 	 0.03 	 13201.00 	 0.01 	 13201 	 0.00	 15025 	 0.00 	 0.00 	 0.00 
92 	 18550.00 	 0.03 	 18550.00 	 0.01 	 18550 	 0.00	 19989 	 0.00 	 0.00 	 0.00 
93 	 15359.00 	 0.03 	 15359.00 	 0.01 	 15359 	 0.00	 16666 	 0.00 	 0.00 	 0.00 
94 	 14833.00 	 0.03 	 14833.00 	 0.01 	 14833 	 0.00	 15900 	 0.00 	 0.00 	 0.00 
95 	 12015.00 	 0.03 	 12015.00 	 0.01 	 12015 	 0.00	 13443 	 0.00 	 0.00 	 0.00 
96 	 10696.00 	 0.05 	 10696.00 	 0.02 	 10696 	 0.00	 12383 	 0.00 	 0.00 	 0.00 
97 	 13565.00 	 0.05 	 13563.50 	 0.02 	 13565 	 0.00	 15705 	 0.00 	 0.00 	 1.50 
98 	 12129.00 	 0.03 	 12129.00 	 0.01 	 12129 	 0.00	 15292 	 0.00 	 0.00 	 0.00 
99 	 15270.00 	 0.03 	 15270.00 	 0.01 	 15270 	 0.00	 17207 	 0.00 	 0.00 	 0.00 
100 	 14640.00 	 0.03 	 14640.00 	 0.02 	 14640 	 0.00	 16181 	 0.00 	 0.00 	 0.00 
