Instance 	 p 	 q 
1 	 [73, 72, 59, 97, 54, 72, 93, 39, 29, 69, 49, 7, 84, 34, 37, 89, 48, 49, 93, 8, 2, 77, 44, 76, 3, 53, 2, 22, 43, 34, 99, 41, 33, 65, 53, 6, 71, 39, 79, 13, 54, 46, 25, 38, 4, 51, 41, 34, 79, 16] 	 [75, 76, 58, 11, 77, 59, 96, 91, 34, 29, 48, 20, 76, 54, 19, 27, 39, 84, 91, 95, 31, 20, 79, 66, 51, 2, 36, 17, 86, 7, 17, 19, 42, 94, 86, 85, 62, 82, 46, 59, 17, 66, 44, 11, 94, 76, 54, 28, 33, 36] 
2 	 [79, 59, 80, 69, 15, 35, 66, 55, 18, 87, 57, 44, 94, 25, 55, 45, 24, 61, 86, 96, 34, 69, 11, 83, 34, 99, 38, 49, 91, 30, 26, 20, 100, 30, 14, 72, 2, 56, 16, 50, 20, 96, 47, 35, 80, 4, 10, 13, 34, 36] 	 [20, 33, 70, 43, 67, 23, 38, 56, 3, 84, 90, 66, 58, 62, 45, 61, 96, 53, 22, 72, 90, 40, 54, 30, 86, 46, 81, 15, 45, 65, 19, 72, 90, 91, 4, 99, 92, 33, 16, 65, 27, 28, 3, 93, 17, 95, 13, 17, 30, 8] 
3 	 [52, 77, 42, 51, 41, 64, 15, 28, 84, 47, 83, 79, 36, 53, 99, 41, 42, 50, 93, 83, 42, 52, 84, 99, 70, 38, 89, 49, 61, 37, 95, 19, 58, 13, 36, 23, 80, 41, 27, 30, 87, 75, 91, 49, 18, 48, 1, 84, 21, 98] 	 [50, 60, 44, 83, 33, 39, 7, 40, 77, 82, 66, 38, 13, 67, 48, 52, 24, 29, 15, 31, 88, 90, 24, 68, 21, 87, 46, 60, 55, 49, 54, 68, 64, 86, 7, 18, 30, 35, 61, 34, 14, 18, 25, 91, 30, 94, 96, 84, 27, 76] 
4 	 [23, 34, 66, 97, 74, 1, 52, 20, 63, 6, 25, 54, 51, 86, 87, 49, 85, 53, 75, 48, 72, 98, 85, 43, 63, 66, 80, 90, 83, 40, 46, 64, 98, 72, 83, 81, 53, 73, 52, 60, 10, 16, 25, 14, 3, 100, 78, 64, 3, 20] 	 [82, 36, 1, 21, 65, 57, 62, 33, 86, 13, 85, 82, 29, 69, 39, 71, 31, 13, 75, 97, 37, 37, 14, 51, 92, 64, 81, 28, 40, 43, 71, 28, 2, 45, 97, 17, 100, 37, 91, 86, 37, 28, 9, 94, 82, 9, 46, 5, 49, 19] 
5 	 [67, 63, 37, 7, 81, 23, 48, 39, 70, 85, 55, 50, 25, 36, 17, 54, 36, 22, 90, 36, 54, 82, 81, 28, 97, 20, 3, 78, 78, 26, 80, 56, 80, 62, 99, 91, 66, 73, 100, 62, 16, 42, 79, 35, 62, 78, 79, 25, 87, 82] 	 [53, 10, 38, 57, 7, 14, 50, 14, 79, 40, 50, 95, 13, 38, 5, 54, 10, 58, 62, 44, 91, 35, 7, 61, 93, 84, 36, 73, 63, 34, 35, 99, 77, 24, 44, 26, 46, 19, 54, 33, 19, 29, 97, 30, 5, 48, 28, 78, 85, 43] 
6 	 [60, 78, 92, 20, 41, 22, 59, 9, 45, 86, 62, 78, 94, 19, 81, 7, 1, 86, 25, 46, 5, 50, 13, 71, 37, 2, 11, 58, 21, 58, 17, 81, 46, 48, 98, 61, 16, 8, 74, 22, 51, 84, 96, 9, 30, 2, 2, 53, 31, 65] 	 [30, 9, 95, 93, 81, 40, 33, 43, 26, 40, 75, 5, 83, 67, 71, 49, 54, 65, 96, 59, 31, 89, 54, 75, 66, 19, 5, 37, 38, 28, 20, 21, 32, 14, 48, 5, 40, 18, 5, 54, 92, 68, 26, 36, 3, 69, 31, 25, 34, 27] 
7 	 [12, 64, 76, 23, 62, 17, 33, 46, 61, 71, 85, 15, 99, 85, 18, 48, 58, 73, 33, 76, 46, 73, 94, 59, 53, 68, 65, 35, 49, 9, 81, 17, 69, 43, 14, 33, 37, 93, 69, 33, 80, 14, 76, 55, 63, 79, 8, 96, 77, 76] 	 [29, 98, 68, 28, 90, 72, 58, 7, 83, 43, 82, 87, 94, 77, 41, 92, 32, 71, 53, 37, 44, 95, 88, 93, 3, 70, 3, 12, 89, 60, 98, 80, 95, 91, 85, 94, 84, 8, 7, 23, 84, 46, 31, 52, 2, 84, 45, 50, 94, 82] 
8 	 [13, 2, 59, 20, 53, 92, 30, 21, 26, 59, 58, 66, 29, 9, 78, 4, 65, 79, 21, 78, 38, 96, 10, 26, 51, 58, 76, 63, 10, 55, 23, 90, 15, 73, 30, 45, 43, 3, 51, 70, 71, 82, 46, 63, 94, 82, 63, 21, 18, 33] 	 [70, 56, 41, 21, 4, 21, 45, 98, 20, 15, 7, 4, 69, 38, 73, 78, 93, 14, 54, 86, 84, 81, 21, 7, 72, 6, 7, 69, 5, 94, 24, 42, 15, 71, 41, 36, 53, 83, 72, 32, 33, 55, 72, 70, 18, 5, 42, 62, 33, 35] 
9 	 [100, 39, 61, 27, 78, 85, 60, 82, 24, 21, 24, 3, 88, 87, 93, 71, 98, 51, 96, 94, 17, 12, 35, 32, 86, 36, 21, 31, 56, 16, 74, 13, 15, 14, 98, 31, 63, 16, 12, 56, 12, 2, 96, 59, 68, 54, 89, 79, 37, 25] 	 [47, 98, 100, 59, 77, 12, 100, 84, 10, 12, 100, 26, 79, 77, 97, 15, 79, 92, 9, 100, 33, 70, 80, 56, 78, 3, 3, 4, 9, 47, 59, 69, 96, 30, 78, 14, 81, 66, 7, 1, 46, 38, 60, 65, 55, 88, 41, 34, 72, 53] 
10 	 [76, 73, 98, 73, 75, 21, 100, 96, 78, 51, 70, 17, 2, 51, 27, 12, 87, 86, 22, 72, 99, 57, 46, 13, 96, 9, 36, 65, 15, 45, 76, 98, 31, 6, 51, 19, 30, 88, 39, 4, 65, 27, 18, 63, 92, 25, 83, 31, 48, 81] 	 [83, 94, 91, 72, 6, 87, 44, 81, 8, 34, 92, 1, 45, 25, 96, 15, 57, 6, 23, 73, 1, 54, 42, 85, 32, 53, 58, 81, 61, 83, 77, 21, 54, 47, 22, 16, 31, 5, 65, 50, 93, 94, 64, 41, 82, 13, 30, 35, 79, 37] 
11 	 [73, 98, 21, 2, 30, 69, 57, 28, 68, 27, 39, 86, 28, 81, 88, 4, 7, 67, 16, 25, 4, 12, 24, 89, 3, 88, 64, 55, 15, 33, 1, 66, 100, 80, 54, 36, 18, 86, 5, 76, 57, 22, 37, 29, 40, 11, 62, 91, 20, 85] 	 [56, 16, 97, 41, 84, 37, 80, 32, 67, 70, 4, 34, 72, 19, 21, 93, 6, 21, 84, 31, 43, 36, 94, 47, 71, 91, 76, 74, 78, 32, 61, 75, 1, 30, 98, 68, 34, 81, 23, 37, 28, 100, 44, 86, 53, 32, 62, 68, 39, 61] 
12 	 [18, 2, 75, 96, 58, 54, 86, 78, 23, 79, 64, 96, 43, 24, 47, 70, 75, 57, 60, 81, 91, 95, 93, 77, 60, 97, 71, 20, 95, 82, 35, 91, 50, 67, 6, 74, 42, 6, 23, 74, 98, 51, 66, 88, 92, 6, 72, 96, 59, 37] 	 [2, 2, 68, 70, 62, 45, 28, 39, 46, 3, 62, 41, 14, 17, 52, 34, 1, 87, 59, 75, 78, 43, 52, 8, 94, 21, 30, 55, 59, 81, 58, 90, 73, 100, 93, 79, 59, 74, 83, 14, 36, 48, 69, 34, 38, 18, 98, 19, 42, 15] 
13 	 [76, 72, 57, 100, 18, 69, 55, 100, 33, 61, 3, 23, 28, 3, 15, 82, 5, 87, 72, 50, 26, 17, 12, 98, 35, 64, 41, 87, 54, 54, 52, 87, 45, 47, 81, 42, 34, 21, 37, 44, 60, 67, 93, 36, 11, 4, 23, 29, 24, 88] 	 [51, 8, 10, 57, 66, 54, 78, 49, 83, 14, 30, 100, 65, 35, 20, 62, 78, 25, 2, 8, 4, 60, 28, 69, 4, 11, 67, 11, 19, 21, 76, 86, 95, 86, 97, 8, 95, 5, 80, 2, 62, 70, 50, 6, 62, 71, 33, 54, 37, 90] 
14 	 [17, 5, 16, 37, 4, 10, 97, 21, 29, 84, 25, 59, 26, 64, 53, 94, 51, 41, 98, 53, 21, 91, 62, 28, 56, 50, 98, 63, 68, 46, 65, 6, 77, 76, 71, 95, 2, 44, 3, 80, 81, 51, 49, 91, 41, 73, 39, 85, 47, 1] 	 [49, 34, 73, 51, 62, 9, 17, 28, 25, 68, 52, 84, 44, 25, 29, 100, 86, 100, 86, 51, 70, 10, 17, 68, 26, 39, 98, 94, 16, 22, 73, 56, 63, 29, 57, 79, 13, 44, 96, 96, 10, 27, 68, 61, 7, 17, 40, 38, 34, 74] 
15 	 [61, 77, 58, 69, 20, 76, 41, 5, 12, 75, 45, 91, 58, 9, 48, 6, 68, 57, 38, 77, 17, 10, 10, 89, 34, 93, 90, 14, 94, 13, 57, 50, 56, 50, 9, 57, 66, 42, 90, 97, 32, 6, 63, 64, 91, 24, 70, 100, 80, 17] 	 [36, 81, 79, 43, 55, 57, 52, 44, 77, 24, 79, 11, 13, 67, 99, 70, 70, 81, 21, 99, 37, 83, 90, 6, 27, 69, 71, 49, 57, 33, 10, 25, 52, 33, 6, 71, 55, 19, 95, 97, 16, 52, 88, 17, 99, 44, 33, 75, 13, 38] 
16 	 [93, 20, 99, 3, 82, 36, 89, 28, 66, 62, 44, 44, 95, 88, 38, 67, 22, 26, 37, 20, 4, 76, 22, 35, 51, 62, 28, 18, 35, 72, 47, 100, 70, 41, 67, 32, 44, 88, 52, 45, 79, 84, 43, 33, 57, 41, 72, 55, 64, 24] 	 [24, 100, 76, 28, 14, 7, 45, 96, 92, 78, 19, 1, 32, 25, 88, 32, 69, 20, 36, 26, 48, 48, 61, 48, 91, 2, 29, 34, 12, 22, 55, 48, 76, 67, 76, 32, 33, 36, 55, 83, 5, 7, 82, 57, 95, 59, 79, 10, 74, 58] 
17 	 [72, 14, 45, 91, 5, 30, 87, 84, 16, 61, 27, 44, 40, 98, 52, 51, 74, 18, 74, 22, 65, 11, 39, 14, 28, 12, 34, 9, 89, 37, 36, 18, 24, 100, 66, 57, 32, 78, 60, 100, 81, 54, 32, 65, 62, 47, 41, 43, 83, 27] 	 [35, 70, 55, 6, 6, 16, 91, 43, 98, 58, 28, 38, 48, 56, 46, 51, 33, 92, 87, 6, 16, 71, 72, 39, 7, 15, 3, 83, 75, 98, 56, 76, 100, 99, 21, 71, 56, 26, 9, 58, 48, 96, 39, 21, 42, 3, 41, 30, 79, 24] 
18 	 [66, 90, 84, 72, 1, 65, 99, 49, 15, 23, 63, 68, 64, 89, 64, 53, 10, 19, 80, 78, 88, 33, 64, 89, 75, 3, 6, 56, 45, 1, 4, 46, 20, 35, 67, 28, 90, 48, 51, 96, 28, 59, 67, 2, 71, 39, 10, 68, 42, 28] 	 [12, 23, 53, 87, 18, 85, 74, 64, 12, 37, 85, 11, 20, 43, 21, 77, 39, 4, 79, 29, 20, 65, 94, 7, 85, 3, 33, 34, 77, 28, 52, 50, 75, 15, 42, 71, 3, 37, 98, 98, 50, 77, 42, 27, 82, 92, 43, 12, 88, 66] 
19 	 [29, 72, 63, 42, 83, 72, 41, 6, 21, 15, 2, 34, 67, 44, 43, 75, 99, 21, 99, 75, 14, 44, 14, 59, 26, 88, 87, 9, 44, 6, 6, 76, 66, 15, 9, 65, 83, 40, 27, 96, 79, 12, 62, 96, 100, 16, 3, 40, 53, 37] 	 [85, 78, 25, 23, 65, 3, 20, 83, 40, 39, 43, 52, 70, 9, 30, 17, 13, 7, 79, 72, 82, 58, 71, 60, 16, 49, 26, 58, 54, 3, 68, 21, 46, 99, 62, 56, 70, 90, 73, 69, 58, 11, 80, 20, 98, 36, 92, 64, 81, 5] 
20 	 [60, 38, 79, 47, 37, 66, 53, 2, 99, 80, 65, 28, 1, 42, 37, 41, 46, 14, 56, 2, 50, 8, 2, 1, 25, 35, 33, 6, 71, 21, 18, 66, 1, 9, 97, 36, 61, 49, 71, 58, 77, 42, 62, 93, 31, 90, 70, 78, 87, 69] 	 [96, 25, 42, 21, 54, 86, 94, 3, 2, 75, 12, 67, 2, 90, 29, 94, 48, 72, 89, 95, 5, 3, 23, 34, 8, 27, 47, 33, 36, 36, 17, 18, 46, 10, 36, 93, 92, 16, 82, 45, 85, 74, 42, 2, 7, 8, 17, 16, 3, 53] 
21 	 [15, 5, 4, 100, 5, 14, 10, 31, 18, 7, 64, 78, 62, 93, 57, 58, 76, 22, 76, 86, 83, 15, 18, 27, 70, 64, 56, 93, 6, 55, 29, 38, 34, 1, 73, 28, 97, 19, 100, 74, 40, 8, 99, 49, 54, 90, 19, 27, 46, 27] 	 [65, 86, 48, 22, 98, 55, 89, 63, 74, 2, 85, 78, 96, 49, 48, 90, 68, 38, 30, 23, 26, 46, 14, 70, 34, 53, 15, 12, 21, 62, 19, 23, 77, 71, 58, 22, 54, 31, 47, 53, 87, 16, 94, 28, 35, 97, 23, 42, 45, 55] 
22 	 [98, 6, 77, 91, 4, 14, 18, 73, 50, 100, 62, 12, 95, 13, 49, 90, 39, 26, 64, 10, 37, 9, 17, 60, 33, 79, 31, 71, 53, 47, 100, 64, 56, 4, 43, 5, 44, 88, 23, 46, 86, 48, 31, 82, 74, 76, 93, 73, 75, 84] 	 [79, 94, 34, 87, 90, 36, 37, 33, 12, 15, 59, 95, 43, 6, 25, 15, 59, 54, 58, 81, 71, 89, 99, 28, 19, 25, 10, 52, 42, 100, 43, 38, 67, 68, 44, 6, 27, 8, 39, 25, 66, 56, 89, 68, 93, 50, 50, 8, 14, 34] 
23 	 [81, 36, 45, 91, 70, 22, 91, 25, 92, 81, 65, 80, 88, 13, 77, 42, 58, 55, 71, 15, 45, 64, 86, 94, 100, 15, 1, 93, 98, 46, 90, 21, 99, 53, 83, 7, 66, 79, 8, 24, 60, 64, 28, 92, 6, 61, 21, 13, 28, 7] 	 [74, 8, 50, 71, 75, 17, 86, 88, 31, 1, 8, 39, 32, 81, 28, 53, 99, 89, 2, 29, 41, 48, 41, 19, 29, 60, 42, 12, 33, 12, 21, 13, 35, 49, 38, 93, 3, 54, 76, 77, 18, 61, 74, 20, 72, 18, 90, 96, 1, 85] 
24 	 [44, 98, 60, 71, 15, 60, 48, 21, 66, 15, 91, 22, 20, 82, 85, 27, 41, 5, 29, 51, 68, 27, 11, 89, 30, 16, 98, 76, 37, 11, 77, 18, 19, 51, 5, 63, 21, 43, 41, 41, 45, 72, 86, 17, 96, 69, 13, 79, 60, 97] 	 [98, 83, 4, 31, 79, 70, 77, 78, 41, 37, 72, 40, 32, 66, 9, 73, 6, 51, 72, 55, 67, 50, 4, 37, 77, 25, 38, 30, 99, 17, 76, 52, 80, 64, 68, 87, 57, 39, 25, 65, 36, 12, 18, 66, 58, 85, 29, 85, 28, 39] 
25 	 [42, 34, 34, 79, 89, 68, 77, 74, 33, 33, 38, 63, 62, 81, 69, 40, 44, 26, 45, 72, 57, 15, 18, 88, 24, 52, 67, 50, 79, 72, 10, 50, 25, 24, 77, 87, 31, 50, 26, 4, 47, 56, 10, 52, 87, 64, 40, 59, 74, 15] 	 [2, 99, 80, 76, 100, 9, 15, 36, 14, 9, 4, 33, 50, 51, 45, 30, 28, 88, 52, 52, 59, 56, 19, 21, 84, 40, 9, 30, 75, 91, 95, 21, 19, 10, 50, 88, 88, 44, 70, 62, 41, 97, 71, 42, 80, 48, 49, 23, 53, 67] 
26 	 [76, 42, 81, 4, 91, 13, 30, 9, 49, 9, 49, 97, 35, 30, 91, 87, 6, 86, 30, 21, 82, 78, 85, 69, 96, 62, 85, 63, 76, 61, 100, 39, 54, 14, 34, 11, 99, 67, 28, 90, 15, 2, 35, 12, 39, 50, 8, 37, 24, 77] 	 [63, 55, 1, 66, 88, 33, 54, 99, 89, 70, 95, 48, 39, 21, 59, 86, 43, 22, 97, 15, 40, 27, 30, 14, 32, 96, 45, 70, 5, 76, 50, 16, 61, 5, 43, 77, 45, 79, 19, 4, 97, 34, 24, 55, 19, 13, 2, 51, 60, 41] 
27 	 [48, 61, 93, 25, 82, 66, 50, 57, 80, 11, 32, 33, 80, 51, 62, 50, 77, 84, 31, 68, 60, 35, 21, 15, 18, 80, 95, 50, 66, 77, 51, 63, 66, 62, 78, 65, 27, 21, 36, 82, 87, 99, 28, 56, 48, 22, 95, 79, 32, 14] 	 [24, 36, 84, 72, 97, 80, 43, 58, 95, 98, 86, 2, 16, 73, 28, 88, 25, 41, 39, 30, 5, 44, 48, 11, 50, 73, 58, 81, 75, 49, 57, 36, 70, 26, 59, 82, 4, 90, 96, 42, 19, 21, 91, 9, 79, 4, 36, 1, 22, 48] 
28 	 [57, 36, 35, 20, 61, 98, 93, 32, 94, 98, 73, 82, 14, 74, 30, 39, 52, 34, 40, 27, 11, 17, 1, 88, 45, 31, 7, 32, 64, 53, 34, 14, 59, 94, 66, 93, 48, 56, 82, 57, 36, 11, 37, 2, 78, 85, 75, 16, 84, 47] 	 [80, 12, 35, 41, 54, 91, 17, 30, 34, 16, 23, 64, 7, 86, 9, 80, 85, 65, 51, 67, 19, 60, 72, 58, 78, 41, 47, 32, 14, 53, 10, 52, 99, 45, 17, 56, 21, 81, 37, 100, 10, 20, 10, 8, 77, 48, 4, 27, 74, 20] 
29 	 [82, 84, 3, 73, 15, 29, 17, 56, 97, 72, 63, 59, 87, 46, 90, 52, 20, 86, 48, 49, 42, 89, 71, 40, 14, 52, 38, 85, 43, 81, 96, 47, 53, 5, 21, 14, 82, 50, 19, 16, 56, 82, 13, 84, 36, 42, 37, 16, 73, 34] 	 [62, 57, 16, 28, 17, 86, 7, 20, 13, 53, 30, 29, 43, 15, 17, 28, 59, 86, 26, 63, 42, 96, 6, 92, 79, 60, 26, 30, 11, 99, 83, 98, 5, 69, 67, 89, 89, 1, 62, 45, 43, 24, 68, 78, 23, 59, 6, 72, 3, 28] 
30 	 [44, 53, 42, 23, 8, 79, 70, 35, 100, 25, 54, 40, 19, 49, 51, 4, 86, 53, 55, 5, 11, 16, 50, 96, 99, 94, 83, 56, 26, 73, 52, 68, 71, 55, 97, 63, 71, 69, 54, 77, 72, 58, 90, 46, 41, 25, 4, 82, 70, 29] 	 [44, 55, 88, 55, 41, 9, 35, 68, 62, 79, 28, 91, 5, 60, 48, 87, 44, 45, 25, 62, 51, 55, 96, 30, 76, 52, 40, 90, 35, 19, 98, 39, 46, 73, 35, 8, 24, 21, 4, 70, 5, 58, 57, 89, 35, 77, 6, 76, 16, 25] 
31 	 [45, 95, 8, 30, 63, 27, 98, 27, 42, 82, 25, 41, 60, 38, 26, 84, 82, 45, 85, 25, 31, 14, 46, 67, 37, 29, 21, 85, 94, 14, 63, 13, 28, 75, 24, 55, 94, 67, 61, 27, 2, 1, 75, 81, 47, 13, 32, 84, 87, 78] 	 [26, 27, 52, 23, 78, 68, 60, 4, 4, 21, 99, 68, 70, 30, 37, 65, 11, 32, 98, 49, 82, 77, 36, 58, 50, 4, 56, 84, 30, 93, 31, 62, 27, 77, 72, 31, 45, 72, 56, 1, 6, 88, 99, 74, 75, 22, 79, 29, 68, 9] 
32 	 [27, 58, 71, 82, 25, 43, 97, 70, 58, 64, 62, 19, 31, 35, 94, 29, 41, 47, 39, 97, 53, 78, 99, 22, 21, 7, 25, 29, 8, 91, 74, 79, 56, 36, 54, 32, 28, 38, 52, 24, 25, 5, 53, 82, 3, 14, 36, 82, 1, 2] 	 [41, 32, 6, 60, 63, 91, 14, 80, 48, 20, 43, 43, 72, 56, 19, 30, 72, 81, 14, 90, 12, 72, 5, 55, 31, 60, 43, 69, 9, 56, 5, 76, 30, 6, 19, 86, 76, 76, 32, 54, 79, 15, 84, 3, 79, 65, 65, 36, 20, 78] 
33 	 [3, 63, 80, 12, 72, 12, 47, 47, 44, 29, 50, 95, 15, 34, 11, 100, 15, 74, 79, 34, 35, 70, 96, 96, 13, 30, 68, 70, 49, 2, 67, 95, 77, 12, 78, 42, 82, 65, 59, 79, 74, 29, 32, 30, 54, 40, 39, 37, 11, 6] 	 [19, 18, 5, 24, 39, 85, 4, 81, 89, 57, 25, 17, 77, 48, 74, 83, 24, 56, 31, 4, 24, 40, 41, 50, 36, 65, 99, 50, 68, 80, 41, 59, 36, 87, 65, 96, 5, 10, 83, 38, 72, 40, 72, 74, 42, 44, 21, 42, 57, 34] 
34 	 [41, 78, 24, 47, 72, 87, 68, 82, 76, 20, 66, 11, 51, 39, 16, 39, 4, 20, 8, 50, 32, 62, 8, 25, 47, 63, 87, 19, 94, 6, 50, 43, 78, 95, 33, 42, 75, 51, 94, 96, 72, 78, 10, 23, 60, 72, 84, 48, 88, 44] 	 [48, 1, 97, 71, 75, 95, 22, 37, 95, 87, 70, 72, 96, 59, 4, 9, 77, 47, 97, 42, 64, 94, 12, 49, 66, 39, 65, 2, 39, 56, 38, 46, 33, 4, 1, 57, 6, 77, 45, 4, 8, 60, 36, 46, 74, 72, 90, 69, 17, 96] 
35 	 [61, 11, 86, 68, 77, 31, 33, 43, 78, 77, 87, 55, 74, 29, 42, 100, 55, 30, 100, 82, 91, 66, 16, 1, 21, 54, 37, 98, 51, 82, 56, 8, 69, 48, 4, 28, 26, 85, 53, 69, 55, 62, 81, 91, 76, 80, 98, 82, 53, 14] 	 [50, 85, 14, 16, 16, 99, 44, 99, 34, 79, 40, 80, 81, 63, 11, 26, 40, 7, 81, 47, 77, 51, 89, 20, 71, 6, 64, 92, 81, 69, 53, 32, 16, 46, 45, 88, 2, 57, 56, 59, 60, 5, 53, 57, 59, 83, 38, 50, 25, 80] 
36 	 [9, 28, 93, 81, 8, 38, 68, 60, 62, 41, 7, 37, 40, 26, 6, 62, 35, 40, 70, 67, 17, 20, 29, 74, 45, 1, 44, 41, 8, 65, 85, 46, 78, 13, 98, 58, 84, 99, 30, 1, 29, 37, 41, 80, 62, 36, 77, 7, 32, 61] 	 [29, 10, 56, 37, 83, 62, 35, 23, 24, 83, 26, 93, 94, 90, 46, 73, 2, 17, 14, 75, 25, 15, 38, 35, 70, 41, 27, 18, 3, 3, 39, 77, 90, 62, 45, 92, 94, 66, 55, 15, 31, 17, 25, 84, 6, 16, 37, 28, 55, 86] 
37 	 [54, 13, 41, 14, 10, 32, 33, 67, 34, 72, 40, 71, 68, 14, 59, 28, 54, 38, 6, 60, 48, 87, 83, 18, 37, 53, 89, 5, 12, 2, 72, 67, 18, 40, 97, 50, 75, 62, 35, 41, 99, 81, 55, 34, 36, 70, 95, 52, 88, 16] 	 [87, 87, 42, 58, 95, 91, 1, 89, 61, 71, 94, 35, 90, 14, 35, 63, 6, 90, 12, 56, 93, 76, 8, 60, 51, 86, 41, 36, 80, 42, 1, 37, 96, 45, 39, 92, 66, 85, 86, 9, 32, 41, 65, 4, 79, 50, 61, 38, 71, 89] 
38 	 [37, 26, 72, 57, 98, 30, 17, 73, 69, 36, 37, 49, 38, 47, 10, 25, 64, 42, 23, 86, 92, 11, 32, 64, 61, 98, 26, 62, 32, 32, 34, 83, 74, 53, 63, 47, 33, 80, 15, 20, 75, 72, 19, 95, 67, 94, 7, 43, 97, 51] 	 [12, 77, 84, 11, 20, 82, 19, 19, 22, 51, 44, 10, 53, 86, 79, 39, 66, 25, 71, 51, 56, 1, 27, 21, 88, 9, 18, 13, 86, 26, 29, 5, 58, 14, 94, 83, 23, 2, 16, 82, 75, 15, 61, 33, 36, 15, 33, 72, 70, 81] 
39 	 [87, 24, 17, 50, 10, 83, 6, 8, 69, 42, 56, 1, 78, 38, 1, 26, 33, 38, 26, 22, 91, 40, 86, 70, 10, 16, 20, 9, 97, 73, 1, 53, 16, 2, 63, 54, 66, 74, 31, 47, 100, 3, 63, 89, 13, 20, 57, 50, 45, 26] 	 [80, 58, 98, 10, 75, 25, 14, 37, 17, 57, 25, 77, 96, 27, 34, 66, 78, 5, 59, 15, 4, 66, 49, 58, 54, 55, 25, 83, 16, 96, 77, 63, 31, 22, 3, 98, 24, 33, 90, 97, 12, 2, 34, 95, 76, 81, 10, 1, 97, 6] 
40 	 [98, 8, 94, 30, 54, 9, 34, 97, 15, 14, 49, 74, 18, 51, 22, 9, 80, 28, 90, 65, 66, 17, 61, 3, 20, 9, 90, 67, 58, 17, 64, 57, 81, 14, 68, 58, 28, 5, 38, 79, 44, 29, 56, 38, 61, 86, 98, 86, 18, 48] 	 [62, 22, 44, 72, 74, 1, 79, 92, 60, 57, 56, 93, 88, 53, 90, 34, 25, 64, 42, 100, 56, 43, 7, 55, 58, 93, 28, 14, 86, 65, 62, 60, 18, 68, 90, 12, 56, 89, 15, 89, 14, 11, 16, 34, 38, 15, 34, 84, 8, 32] 
41 	 [73, 32, 3, 47, 26, 12, 86, 68, 24, 35, 95, 19, 71, 54, 3, 91, 12, 57, 74, 79, 100, 52, 32, 74, 70, 62, 83, 20, 72, 43, 25, 66, 83, 46, 9, 26, 73, 3, 89, 91, 88, 76, 99, 34, 81, 94, 12, 10, 56, 90] 	 [63, 45, 71, 10, 87, 22, 66, 18, 11, 71, 3, 87, 93, 99, 7, 12, 17, 59, 44, 26, 44, 73, 30, 100, 12, 89, 5, 87, 29, 11, 26, 69, 90, 68, 66, 37, 27, 37, 14, 15, 10, 84, 73, 42, 70, 82, 3, 4, 99, 16] 
42 	 [66, 85, 7, 30, 35, 39, 16, 90, 60, 59, 66, 49, 15, 78, 37, 45, 30, 62, 52, 10, 99, 61, 79, 38, 22, 30, 63, 79, 70, 38, 12, 59, 50, 81, 51, 30, 2, 78, 60, 61, 43, 91, 94, 16, 68, 36, 79, 99, 44, 81] 	 [67, 63, 31, 78, 81, 42, 90, 71, 12, 84, 19, 54, 90, 20, 82, 19, 78, 87, 16, 20, 61, 4, 95, 93, 84, 64, 36, 70, 53, 67, 94, 44, 85, 46, 5, 85, 49, 9, 34, 17, 71, 21, 99, 28, 54, 8, 98, 80, 2, 50] 
43 	 [20, 44, 81, 66, 72, 8, 66, 7, 83, 30, 4, 89, 25, 71, 43, 75, 3, 96, 13, 11, 30, 7, 24, 93, 41, 29, 80, 46, 10, 9, 55, 92, 92, 1, 49, 41, 83, 2, 91, 42, 23, 35, 91, 11, 40, 75, 98, 71, 49, 90] 	 [21, 58, 24, 58, 72, 92, 78, 73, 43, 95, 78, 33, 91, 53, 72, 32, 35, 60, 28, 64, 89, 50, 77, 15, 38, 39, 67, 97, 49, 42, 80, 53, 2, 99, 76, 26, 23, 78, 11, 5, 89, 10, 62, 6, 40, 90, 11, 90, 60, 68] 
44 	 [88, 36, 39, 59, 73, 41, 47, 18, 23, 67, 52, 52, 13, 99, 26, 77, 61, 30, 38, 9, 73, 72, 93, 89, 67, 54, 49, 44, 59, 80, 91, 74, 56, 84, 43, 46, 97, 65, 86, 51, 53, 93, 7, 76, 67, 46, 18, 16, 16, 3] 	 [30, 66, 20, 6, 91, 53, 53, 70, 92, 17, 42, 9, 28, 25, 98, 33, 99, 33, 27, 25, 83, 87, 92, 45, 1, 76, 92, 42, 79, 98, 48, 63, 17, 13, 36, 13, 73, 99, 70, 100, 8, 92, 56, 32, 78, 60, 56, 19, 23, 46] 
45 	 [57, 76, 53, 78, 97, 44, 73, 88, 68, 14, 28, 16, 100, 96, 9, 42, 91, 65, 64, 70, 79, 20, 51, 64, 4, 34, 13, 24, 9, 34, 42, 2, 92, 29, 11, 35, 26, 22, 66, 73, 96, 78, 64, 47, 94, 24, 8, 28, 93, 33] 	 [87, 37, 73, 4, 54, 54, 88, 83, 21, 86, 50, 29, 100, 43, 41, 24, 71, 50, 26, 71, 91, 36, 74, 29, 89, 33, 48, 67, 68, 17, 36, 20, 56, 2, 46, 18, 71, 64, 19, 78, 96, 39, 90, 65, 41, 41, 57, 92, 76, 13] 
46 	 [89, 9, 33, 41, 99, 9, 34, 28, 75, 17, 47, 31, 2, 85, 53, 77, 77, 81, 79, 19, 76, 67, 25, 40, 16, 16, 80, 99, 60, 63, 7, 20, 53, 31, 21, 85, 47, 26, 59, 64, 26, 98, 9, 49, 68, 17, 100, 64, 89, 62] 	 [8, 63, 68, 39, 84, 50, 50, 49, 85, 9, 76, 79, 37, 70, 28, 34, 94, 84, 63, 77, 66, 28, 82, 28, 34, 87, 59, 48, 89, 70, 78, 73, 95, 28, 100, 16, 50, 41, 12, 19, 86, 44, 55, 49, 64, 14, 24, 35, 54, 33] 
47 	 [89, 93, 64, 17, 58, 47, 24, 35, 11, 31, 64, 10, 92, 6, 57, 41, 4, 2, 51, 63, 48, 85, 56, 32, 70, 66, 17, 3, 80, 72, 100, 76, 56, 84, 24, 63, 42, 59, 53, 2, 78, 38, 65, 67, 73, 41, 75, 33, 55, 7] 	 [76, 92, 15, 24, 44, 33, 65, 91, 76, 44, 41, 80, 36, 54, 63, 38, 96, 4, 12, 11, 34, 70, 25, 8, 23, 94, 55, 47, 86, 7, 18, 98, 98, 6, 60, 28, 79, 51, 88, 56, 80, 1, 8, 26, 66, 84, 4, 26, 95, 86] 
48 	 [55, 97, 87, 7, 49, 33, 58, 33, 22, 73, 68, 93, 79, 40, 34, 46, 63, 81, 78, 24, 60, 97, 8, 86, 73, 10, 4, 72, 48, 64, 63, 71, 89, 32, 58, 64, 18, 4, 54, 10, 86, 5, 25, 12, 57, 70, 40, 80, 22, 14] 	 [8, 90, 89, 78, 37, 82, 5, 70, 79, 11, 20, 56, 54, 23, 24, 92, 55, 60, 22, 78, 57, 10, 18, 25, 76, 80, 75, 85, 11, 3, 96, 72, 39, 11, 37, 14, 66, 76, 76, 99, 77, 11, 26, 44, 87, 62, 21, 95, 7, 63] 
49 	 [86, 41, 91, 9, 65, 4, 9, 59, 96, 61, 11, 98, 4, 26, 90, 69, 15, 92, 17, 65, 36, 85, 87, 55, 42, 70, 75, 12, 6, 73, 88, 24, 60, 29, 44, 70, 26, 53, 63, 36, 93, 28, 95, 52, 25, 26, 81, 9, 36, 87] 	 [91, 4, 89, 60, 3, 41, 45, 27, 19, 41, 52, 19, 56, 20, 4, 65, 96, 31, 9, 58, 3, 3, 25, 27, 64, 12, 8, 77, 48, 47, 67, 98, 6, 28, 41, 20, 68, 49, 96, 63, 69, 94, 37, 4, 7, 98, 74, 24, 23, 100] 
50 	 [12, 60, 12, 26, 62, 63, 46, 52, 41, 43, 14, 55, 16, 45, 50, 32, 35, 51, 20, 49, 69, 14, 88, 6, 39, 19, 54, 27, 56, 9, 82, 24, 39, 30, 19, 26, 40, 81, 54, 18, 66, 61, 94, 87, 97, 20, 38, 11, 40, 51] 	 [84, 77, 26, 55, 24, 12, 83, 77, 63, 57, 42, 58, 2, 53, 52, 38, 26, 84, 16, 83, 34, 76, 8, 52, 89, 34, 73, 76, 83, 18, 8, 26, 39, 69, 66, 87, 76, 98, 15, 75, 3, 22, 19, 27, 29, 55, 11, 71, 36, 4] 
51 	 [51, 94, 87, 58, 29, 3, 29, 67, 74, 26, 36, 81, 79, 55, 85, 50, 47, 9, 54, 67, 61, 51, 18, 22, 33, 66, 52, 29, 41, 76, 2, 75, 25, 29, 56, 91, 6, 56, 23, 44, 72, 59, 37, 90, 2, 65, 75, 36, 97, 10] 	 [92, 82, 63, 78, 64, 92, 50, 47, 53, 67, 76, 12, 17, 93, 9, 84, 83, 45, 62, 23, 9, 67, 45, 60, 15, 72, 9, 2, 42, 6, 34, 64, 82, 20, 99, 28, 12, 34, 57, 69, 63, 55, 38, 1, 49, 56, 59, 61, 84, 30] 
52 	 [49, 32, 44, 41, 10, 34, 95, 73, 5, 92, 67, 56, 97, 51, 27, 66, 56, 76, 90, 73, 18, 58, 22, 55, 21, 21, 34, 42, 21, 76, 37, 14, 33, 73, 94, 95, 30, 66, 95, 22, 62, 60, 73, 3, 53, 85, 53, 52, 76, 46] 	 [71, 69, 16, 22, 77, 40, 69, 71, 43, 79, 16, 90, 89, 73, 27, 21, 14, 46, 33, 61, 89, 21, 82, 6, 88, 29, 33, 9, 40, 35, 88, 83, 80, 84, 15, 24, 44, 66, 60, 3, 35, 20, 50, 54, 20, 38, 11, 1, 29, 79] 
53 	 [63, 24, 90, 26, 54, 4, 29, 96, 71, 39, 14, 4, 67, 37, 81, 63, 46, 65, 9, 53, 23, 6, 46, 37, 16, 40, 52, 40, 18, 49, 49, 83, 55, 8, 3, 77, 99, 93, 11, 21, 50, 31, 99, 93, 87, 96, 8, 70, 20, 14] 	 [10, 54, 51, 11, 91, 62, 8, 100, 76, 11, 92, 10, 76, 70, 31, 43, 44, 95, 38, 63, 13, 63, 66, 44, 73, 75, 30, 35, 43, 59, 57, 39, 97, 66, 54, 82, 100, 92, 62, 86, 46, 52, 33, 86, 80, 81, 46, 47, 3, 94] 
54 	 [27, 58, 90, 72, 37, 82, 62, 34, 23, 13, 97, 93, 79, 80, 53, 10, 98, 77, 42, 2, 67, 98, 42, 33, 77, 82, 90, 10, 26, 36, 90, 4, 1, 24, 7, 87, 67, 28, 28, 32, 36, 45, 61, 14, 98, 11, 58, 57, 99, 73] 	 [99, 75, 57, 98, 63, 56, 87, 88, 4, 68, 59, 96, 23, 34, 53, 89, 37, 60, 99, 11, 13, 59, 88, 22, 94, 57, 41, 19, 74, 98, 53, 25, 94, 14, 62, 52, 47, 70, 56, 67, 14, 77, 42, 57, 91, 4, 59, 60, 71, 31] 
55 	 [72, 92, 62, 71, 59, 11, 43, 44, 21, 95, 88, 33, 19, 46, 97, 17, 19, 35, 38, 49, 56, 51, 59, 57, 97, 37, 52, 79, 39, 46, 4, 27, 64, 9, 5, 47, 43, 67, 63, 32, 42, 97, 66, 28, 76, 75, 5, 52, 53, 73] 	 [81, 47, 86, 87, 62, 73, 96, 71, 94, 57, 94, 7, 72, 30, 40, 53, 97, 86, 18, 95, 50, 99, 18, 81, 74, 94, 8, 78, 88, 45, 72, 77, 78, 86, 78, 92, 11, 75, 97, 53, 61, 31, 41, 81, 12, 3, 63, 14, 7, 5] 
56 	 [92, 78, 89, 47, 69, 32, 15, 83, 30, 52, 71, 59, 78, 6, 6, 31, 60, 79, 94, 5, 99, 14, 86, 16, 87, 10, 69, 19, 82, 61, 60, 92, 5, 61, 88, 26, 10, 98, 7, 73, 92, 26, 19, 83, 87, 74, 4, 45, 70, 7] 	 [67, 61, 67, 28, 52, 35, 76, 88, 2, 98, 84, 43, 28, 53, 42, 35, 31, 55, 56, 59, 64, 38, 74, 94, 26, 3, 58, 85, 91, 74, 24, 64, 24, 76, 30, 57, 97, 72, 50, 40, 100, 84, 14, 57, 95, 10, 63, 43, 6, 37] 
57 	 [90, 69, 67, 25, 49, 60, 99, 30, 45, 46, 49, 81, 16, 8, 46, 85, 93, 76, 96, 65, 70, 6, 92, 72, 10, 2, 98, 77, 66, 48, 7, 41, 69, 77, 38, 10, 13, 66, 84, 27, 23, 76, 48, 22, 41, 11, 76, 2, 99, 82] 	 [11, 86, 80, 28, 80, 6, 78, 31, 15, 41, 26, 29, 13, 76, 36, 72, 47, 75, 33, 78, 19, 71, 87, 7, 76, 99, 43, 61, 51, 64, 1, 64, 77, 92, 59, 51, 56, 51, 58, 11, 2, 14, 55, 41, 77, 36, 36, 67, 9, 41] 
58 	 [52, 49, 22, 11, 64, 62, 1, 36, 22, 42, 55, 71, 61, 22, 84, 25, 69, 44, 26, 10, 69, 100, 93, 79, 86, 35, 84, 71, 28, 10, 38, 62, 50, 76, 34, 17, 91, 54, 82, 16, 45, 62, 56, 41, 28, 43, 30, 18, 93, 67] 	 [82, 39, 92, 84, 54, 12, 100, 60, 51, 42, 29, 29, 70, 7, 64, 4, 26, 8, 88, 51, 75, 92, 38, 3, 81, 30, 94, 100, 66, 6, 47, 40, 78, 35, 99, 68, 38, 8, 34, 77, 18, 41, 98, 73, 7, 58, 99, 81, 35, 18] 
59 	 [76, 36, 2, 97, 38, 50, 25, 40, 51, 93, 34, 11, 77, 17, 67, 97, 26, 63, 11, 11, 89, 74, 86, 46, 98, 100, 55, 71, 1, 53, 4, 69, 8, 58, 90, 75, 95, 46, 59, 72, 3, 36, 33, 8, 12, 96, 23, 5, 43, 95] 	 [51, 95, 14, 91, 8, 23, 66, 65, 62, 11, 40, 36, 52, 61, 81, 33, 72, 79, 16, 87, 10, 12, 6, 85, 81, 16, 81, 72, 23, 81, 58, 58, 13, 40, 96, 67, 39, 11, 27, 61, 97, 88, 81, 100, 6, 23, 54, 50, 62, 52] 
60 	 [100, 66, 63, 2, 68, 16, 32, 60, 93, 70, 42, 73, 62, 21, 34, 100, 58, 93, 54, 78, 30, 32, 89, 25, 56, 32, 33, 29, 59, 58, 35, 83, 74, 32, 51, 38, 48, 84, 93, 21, 1, 25, 90, 11, 10, 82, 77, 95, 35, 27] 	 [63, 7, 8, 67, 67, 19, 12, 75, 11, 28, 23, 2, 86, 98, 5, 70, 16, 10, 81, 3, 31, 56, 77, 23, 28, 26, 57, 70, 64, 59, 72, 89, 38, 41, 71, 48, 37, 95, 16, 20, 68, 58, 18, 65, 15, 29, 49, 4, 82, 2] 
61 	 [3, 8, 13, 31, 62, 15, 22, 62, 77, 49, 81, 40, 5, 63, 93, 94, 79, 11, 76, 40, 20, 96, 89, 65, 33, 87, 44, 68, 72, 79, 95, 63, 27, 75, 72, 61, 26, 63, 93, 37, 66, 36, 57, 92, 73, 68, 74, 49, 2, 46] 	 [72, 86, 9, 27, 30, 37, 29, 48, 66, 42, 60, 66, 17, 74, 82, 2, 68, 14, 13, 88, 6, 63, 32, 68, 69, 65, 2, 63, 18, 29, 49, 34, 56, 55, 52, 68, 100, 31, 33, 40, 70, 80, 40, 1, 45, 63, 55, 47, 31, 43] 
62 	 [32, 97, 58, 52, 70, 37, 21, 54, 29, 41, 50, 57, 35, 36, 60, 28, 42, 85, 28, 87, 4, 43, 99, 44, 9, 68, 11, 82, 24, 60, 34, 98, 60, 98, 97, 9, 44, 56, 36, 81, 82, 66, 28, 39, 19, 43, 86, 99, 26, 93] 	 [33, 77, 8, 51, 41, 3, 84, 100, 32, 66, 17, 14, 88, 61, 54, 67, 3, 85, 73, 43, 41, 76, 13, 40, 97, 54, 14, 39, 31, 35, 67, 41, 80, 22, 5, 56, 7, 49, 3, 5, 96, 93, 73, 80, 58, 74, 66, 80, 1, 62] 
63 	 [25, 45, 59, 31, 64, 83, 93, 2, 45, 40, 93, 76, 6, 30, 45, 75, 30, 31, 95, 85, 47, 43, 65, 12, 6, 17, 65, 24, 25, 44, 87, 21, 46, 86, 63, 35, 89, 5, 94, 88, 73, 85, 13, 17, 52, 97, 39, 78, 23, 37] 	 [38, 38, 92, 18, 1, 92, 59, 19, 24, 15, 60, 23, 41, 35, 98, 67, 57, 33, 79, 21, 29, 23, 36, 34, 49, 11, 22, 29, 48, 49, 63, 82, 26, 40, 52, 81, 58, 96, 58, 31, 41, 56, 100, 86, 69, 96, 16, 94, 86, 26] 
64 	 [97, 70, 71, 58, 19, 96, 55, 100, 96, 6, 7, 89, 97, 39, 48, 67, 22, 45, 29, 59, 30, 75, 21, 75, 77, 91, 3, 38, 31, 6, 79, 10, 55, 82, 89, 49, 50, 66, 54, 27, 49, 51, 63, 75, 40, 57, 22, 53, 68, 31] 	 [78, 54, 69, 87, 11, 90, 45, 96, 43, 86, 9, 28, 60, 97, 54, 71, 15, 22, 89, 70, 64, 49, 19, 74, 23, 92, 46, 61, 48, 83, 7, 32, 67, 46, 12, 95, 58, 68, 45, 15, 76, 59, 86, 28, 67, 40, 81, 3, 26, 77] 
65 	 [11, 60, 74, 95, 51, 97, 92, 38, 46, 86, 85, 22, 11, 36, 78, 16, 90, 73, 84, 16, 36, 1, 34, 5, 36, 81, 14, 72, 44, 55, 60, 79, 86, 18, 72, 78, 4, 53, 13, 99, 18, 69, 38, 98, 32, 70, 61, 31, 57, 78] 	 [91, 96, 77, 92, 100, 86, 24, 57, 54, 48, 97, 88, 95, 91, 66, 86, 82, 66, 29, 80, 61, 99, 74, 19, 36, 31, 97, 41, 24, 46, 3, 95, 46, 26, 78, 15, 43, 4, 20, 22, 98, 93, 19, 32, 40, 62, 65, 68, 100, 14] 
66 	 [55, 62, 38, 14, 53, 63, 76, 12, 51, 98, 66, 56, 90, 27, 35, 63, 94, 43, 85, 44, 1, 42, 7, 18, 26, 64, 16, 40, 10, 32, 8, 51, 37, 34, 53, 97, 13, 87, 80, 60, 53, 28, 43, 57, 24, 80, 71, 23, 54, 83] 	 [58, 8, 12, 21, 84, 41, 23, 72, 31, 91, 34, 65, 16, 69, 80, 19, 36, 53, 32, 44, 9, 81, 31, 68, 62, 56, 94, 1, 44, 8, 71, 47, 1, 75, 4, 76, 48, 29, 5, 81, 57, 10, 78, 63, 21, 7, 91, 85, 25, 100] 
67 	 [92, 62, 81, 21, 82, 71, 58, 78, 54, 98, 29, 13, 11, 1, 21, 6, 90, 21, 43, 88, 80, 6, 53, 69, 10, 4, 40, 45, 15, 70, 74, 64, 33, 52, 74, 5, 61, 4, 7, 18, 1, 31, 37, 26, 89, 19, 28, 25, 83, 97] 	 [42, 29, 6, 85, 22, 46, 11, 60, 59, 22, 15, 63, 39, 63, 10, 29, 7, 68, 75, 78, 16, 82, 99, 48, 56, 55, 65, 41, 95, 87, 13, 32, 16, 49, 67, 78, 3, 63, 76, 5, 22, 15, 32, 52, 44, 2, 10, 47, 81, 52] 
68 	 [38, 62, 83, 56, 68, 73, 69, 72, 75, 87, 77, 62, 84, 31, 68, 36, 31, 39, 10, 3, 3, 97, 50, 35, 51, 2, 37, 21, 34, 53, 53, 51, 83, 14, 100, 71, 4, 56, 6, 31, 86, 62, 37, 53, 13, 66, 50, 63, 59, 70] 	 [87, 44, 48, 5, 98, 4, 7, 28, 41, 64, 29, 30, 44, 28, 90, 22, 32, 25, 53, 41, 98, 4, 2, 19, 37, 2, 94, 83, 40, 18, 19, 29, 41, 17, 33, 66, 71, 52, 17, 94, 100, 76, 74, 33, 46, 24, 44, 50, 11, 15] 
69 	 [21, 10, 24, 25, 61, 29, 61, 8, 31, 20, 22, 68, 45, 60, 6, 18, 39, 66, 45, 10, 63, 11, 2, 28, 14, 79, 1, 14, 32, 71, 30, 7, 94, 94, 19, 45, 64, 86, 40, 26, 75, 67, 17, 17, 79, 83, 86, 31, 48, 55] 	 [52, 50, 97, 100, 11, 38, 100, 52, 51, 14, 20, 54, 83, 100, 18, 71, 20, 35, 56, 94, 39, 61, 62, 57, 46, 33, 47, 2, 1, 32, 17, 94, 31, 79, 60, 97, 62, 53, 95, 87, 15, 38, 31, 14, 52, 100, 41, 74, 97, 23] 
70 	 [22, 73, 32, 83, 48, 58, 23, 76, 77, 22, 90, 64, 1, 67, 31, 42, 82, 24, 30, 58, 48, 61, 12, 57, 69, 85, 12, 54, 73, 37, 28, 42, 52, 97, 95, 33, 94, 48, 6, 38, 66, 10, 79, 65, 32, 21, 91, 53, 4, 30] 	 [22, 93, 40, 12, 78, 67, 59, 57, 53, 14, 50, 22, 69, 69, 15, 7, 18, 12, 94, 2, 73, 13, 99, 85, 5, 34, 77, 90, 42, 36, 84, 66, 5, 3, 41, 56, 90, 38, 9, 20, 65, 54, 75, 57, 8, 100, 11, 12, 56, 61] 
71 	 [17, 72, 59, 1, 49, 56, 78, 97, 96, 42, 94, 42, 17, 82, 40, 33, 47, 89, 100, 95, 15, 50, 86, 38, 52, 81, 21, 10, 22, 19, 92, 57, 18, 67, 13, 14, 15, 37, 69, 96, 63, 3, 18, 89, 47, 66, 64, 87, 90, 1] 	 [8, 70, 12, 53, 43, 82, 7, 10, 44, 5, 47, 11, 1, 77, 10, 78, 21, 24, 54, 14, 94, 65, 35, 27, 95, 73, 29, 54, 51, 90, 91, 66, 46, 47, 67, 38, 86, 22, 57, 80, 25, 9, 24, 74, 14, 33, 74, 81, 71, 3] 
72 	 [86, 37, 8, 85, 28, 68, 7, 11, 51, 63, 64, 35, 53, 38, 5, 35, 56, 48, 34, 78, 70, 87, 30, 78, 76, 65, 40, 47, 55, 36, 30, 95, 90, 61, 91, 38, 51, 69, 41, 13, 86, 37, 95, 53, 8, 24, 84, 65, 19, 88] 	 [83, 92, 7, 47, 46, 71, 94, 37, 41, 68, 35, 63, 70, 89, 62, 26, 98, 28, 16, 36, 5, 65, 37, 71, 39, 58, 45, 18, 15, 92, 77, 50, 1, 89, 19, 41, 27, 21, 100, 74, 28, 82, 78, 8, 43, 72, 79, 1, 37, 18] 
73 	 [70, 54, 33, 78, 1, 42, 45, 41, 4, 47, 80, 12, 83, 74, 25, 57, 77, 94, 66, 51, 86, 42, 74, 19, 35, 77, 8, 89, 14, 72, 37, 87, 37, 60, 46, 79, 74, 40, 87, 99, 2, 50, 85, 28, 92, 27, 54, 71, 53, 17] 	 [37, 98, 91, 97, 18, 35, 89, 41, 98, 16, 14, 77, 51, 5, 8, 40, 18, 9, 65, 28, 88, 6, 29, 58, 32, 45, 82, 50, 33, 29, 24, 64, 19, 39, 50, 42, 19, 2, 96, 99, 73, 33, 77, 48, 47, 45, 21, 45, 46, 4] 
74 	 [97, 10, 90, 76, 1, 71, 15, 79, 23, 2, 79, 28, 82, 43, 18, 33, 100, 28, 13, 72, 45, 84, 57, 94, 88, 89, 40, 65, 75, 5, 29, 17, 38, 63, 32, 74, 15, 62, 59, 18, 49, 97, 21, 37, 36, 3, 18, 100, 25, 43] 	 [27, 22, 28, 71, 21, 3, 36, 92, 15, 75, 22, 83, 65, 44, 38, 71, 47, 51, 97, 49, 55, 47, 17, 17, 36, 67, 4, 41, 56, 16, 39, 3, 81, 31, 55, 81, 60, 72, 8, 18, 55, 60, 67, 51, 91, 34, 88, 14, 16, 53] 
75 	 [85, 46, 67, 89, 49, 76, 95, 28, 5, 26, 66, 45, 61, 74, 78, 93, 95, 51, 9, 52, 60, 68, 57, 43, 32, 36, 16, 94, 48, 75, 99, 88, 36, 92, 35, 41, 12, 95, 8, 79, 55, 24, 51, 89, 43, 64, 29, 81, 7, 68] 	 [28, 18, 66, 32, 32, 47, 82, 50, 23, 63, 69, 22, 92, 66, 76, 76, 36, 40, 23, 5, 61, 19, 56, 10, 69, 15, 98, 78, 100, 11, 35, 30, 73, 12, 75, 31, 70, 26, 29, 71, 23, 19, 93, 56, 38, 19, 73, 74, 22, 65] 
76 	 [8, 98, 96, 3, 99, 99, 37, 81, 14, 53, 37, 37, 8, 59, 5, 82, 34, 90, 56, 6, 79, 90, 79, 43, 38, 91, 34, 63, 65, 7, 88, 46, 8, 79, 44, 55, 89, 14, 63, 99, 5, 94, 41, 79, 61, 46, 49, 49, 17, 78] 	 [14, 33, 80, 70, 70, 77, 2, 47, 86, 54, 81, 95, 38, 82, 96, 9, 1, 84, 40, 68, 65, 48, 16, 12, 37, 83, 31, 64, 85, 68, 99, 19, 40, 22, 23, 51, 3, 45, 84, 84, 41, 6, 16, 15, 77, 66, 11, 10, 45, 58] 
77 	 [32, 2, 15, 45, 61, 98, 28, 81, 37, 58, 52, 26, 34, 14, 88, 99, 26, 80, 23, 62, 85, 62, 74, 39, 81, 32, 53, 72, 46, 27, 32, 80, 97, 66, 90, 38, 75, 13, 39, 7, 95, 12, 76, 6, 56, 88, 36, 2, 13, 70] 	 [79, 32, 60, 32, 64, 5, 46, 22, 10, 43, 41, 91, 66, 52, 72, 16, 84, 7, 21, 21, 55, 75, 18, 69, 18, 79, 55, 44, 99, 33, 97, 26, 93, 55, 3, 7, 60, 43, 40, 63, 66, 39, 32, 14, 82, 35, 84, 72, 37, 35] 
78 	 [66, 12, 14, 37, 39, 65, 96, 46, 17, 94, 79, 52, 48, 65, 66, 84, 97, 3, 61, 83, 30, 38, 99, 64, 38, 61, 4, 66, 17, 54, 31, 29, 37, 59, 97, 29, 41, 94, 14, 66, 36, 21, 88, 83, 38, 1, 41, 56, 20, 87] 	 [60, 71, 27, 8, 68, 91, 24, 35, 14, 50, 59, 79, 59, 6, 32, 53, 23, 31, 31, 48, 75, 85, 51, 37, 8, 29, 69, 11, 4, 95, 35, 55, 15, 33, 51, 26, 82, 76, 57, 13, 60, 59, 16, 67, 32, 96, 82, 8, 95, 29] 
79 	 [72, 92, 5, 1, 23, 32, 55, 67, 100, 96, 19, 48, 89, 52, 77, 77, 5, 100, 66, 27, 98, 31, 37, 27, 15, 90, 20, 95, 35, 58, 93, 26, 88, 83, 22, 55, 7, 42, 31, 57, 54, 84, 50, 9, 73, 42, 64, 8, 98, 80] 	 [15, 65, 50, 6, 97, 94, 76, 62, 84, 47, 4, 20, 67, 61, 51, 13, 98, 27, 32, 64, 60, 38, 47, 39, 40, 12, 49, 23, 7, 66, 25, 72, 63, 45, 13, 91, 9, 64, 13, 35, 60, 18, 67, 91, 47, 60, 41, 32, 77, 27] 
80 	 [30, 27, 94, 67, 34, 99, 38, 63, 17, 69, 41, 78, 28, 68, 86, 21, 99, 36, 86, 26, 6, 1, 60, 49, 72, 47, 5, 86, 17, 82, 97, 84, 54, 95, 2, 73, 96, 40, 72, 53, 43, 70, 2, 34, 33, 36, 34, 76, 74, 8] 	 [16, 70, 9, 54, 97, 28, 78, 40, 76, 92, 60, 80, 24, 38, 82, 37, 31, 26, 75, 88, 2, 40, 57, 54, 43, 1, 26, 74, 59, 89, 74, 48, 54, 57, 76, 44, 7, 76, 60, 9, 78, 12, 65, 98, 85, 23, 96, 9, 38, 52] 
81 	 [87, 9, 73, 57, 22, 84, 58, 99, 32, 33, 32, 97, 73, 59, 34, 96, 50, 56, 45, 96, 6, 74, 23, 100, 38, 87, 29, 52, 41, 2, 37, 76, 3, 63, 5, 98, 96, 100, 89, 2, 21, 27, 1, 56, 45, 65, 75, 76, 32, 89] 	 [65, 77, 44, 76, 11, 11, 8, 15, 86, 2, 61, 53, 23, 99, 37, 76, 66, 99, 14, 20, 80, 8, 33, 100, 33, 47, 58, 85, 20, 79, 27, 11, 70, 52, 8, 44, 93, 78, 35, 6, 60, 94, 80, 11, 10, 38, 75, 89, 4, 46] 
82 	 [56, 44, 89, 95, 48, 60, 55, 59, 5, 59, 4, 6, 38, 84, 59, 13, 44, 10, 72, 46, 67, 94, 96, 43, 5, 99, 76, 74, 52, 50, 35, 56, 22, 76, 76, 71, 88, 33, 19, 95, 48, 78, 31, 24, 31, 51, 8, 46, 33, 87] 	 [97, 92, 50, 96, 7, 66, 8, 25, 34, 90, 81, 73, 42, 80, 89, 100, 21, 73, 61, 87, 60, 56, 59, 24, 33, 53, 40, 70, 42, 79, 22, 13, 43, 47, 8, 68, 82, 73, 100, 50, 46, 19, 62, 79, 94, 75, 7, 1, 86, 75] 
83 	 [85, 53, 5, 46, 60, 15, 22, 42, 17, 82, 20, 9, 69, 38, 84, 53, 77, 4, 37, 88, 97, 84, 76, 32, 89, 81, 39, 2, 18, 67, 97, 39, 40, 10, 94, 10, 15, 96, 54, 58, 93, 40, 39, 96, 64, 99, 84, 9, 33, 67] 	 [40, 66, 67, 76, 66, 89, 95, 62, 21, 96, 71, 49, 34, 97, 67, 68, 24, 3, 30, 78, 75, 36, 67, 78, 79, 67, 93, 57, 28, 21, 77, 95, 96, 87, 40, 3, 54, 50, 76, 25, 13, 90, 76, 86, 29, 67, 84, 11, 60, 29] 
84 	 [95, 86, 97, 81, 57, 10, 43, 12, 75, 23, 65, 26, 20, 48, 40, 76, 86, 4, 92, 73, 87, 89, 5, 64, 86, 45, 19, 18, 74, 86, 96, 46, 45, 97, 19, 26, 8, 86, 75, 42, 39, 16, 91, 85, 67, 48, 27, 44, 53, 30] 	 [89, 48, 100, 93, 88, 72, 31, 46, 19, 58, 65, 15, 16, 44, 29, 61, 23, 3, 89, 27, 67, 51, 18, 40, 63, 27, 50, 75, 15, 92, 79, 91, 8, 22, 8, 7, 13, 39, 70, 81, 3, 77, 32, 29, 91, 1, 53, 28, 28, 10] 
85 	 [13, 43, 8, 57, 4, 58, 71, 66, 3, 17, 11, 53, 61, 72, 86, 21, 99, 20, 83, 33, 88, 22, 13, 78, 100, 10, 86, 19, 69, 32, 62, 92, 48, 70, 63, 34, 51, 12, 30, 59, 89, 25, 13, 46, 50, 35, 15, 21, 49, 5] 	 [69, 89, 78, 47, 1, 22, 43, 31, 100, 68, 50, 6, 56, 85, 83, 72, 92, 97, 78, 48, 84, 55, 20, 51, 96, 88, 15, 78, 8, 66, 56, 48, 20, 23, 4, 19, 7, 42, 98, 41, 82, 46, 39, 74, 5, 29, 10, 47, 12, 9] 
86 	 [65, 89, 86, 60, 4, 92, 64, 89, 90, 3, 96, 51, 1, 24, 98, 66, 66, 37, 28, 2, 6, 61, 83, 73, 63, 51, 87, 33, 24, 77, 92, 30, 56, 30, 65, 49, 81, 33, 50, 98, 85, 51, 36, 72, 3, 23, 32, 6, 36, 49] 	 [81, 80, 91, 93, 100, 85, 74, 54, 88, 40, 91, 6, 24, 91, 87, 81, 57, 93, 53, 57, 7, 49, 88, 67, 32, 50, 89, 20, 50, 65, 38, 29, 49, 64, 49, 30, 46, 29, 18, 21, 58, 26, 82, 38, 90, 2, 29, 91, 93, 92] 
87 	 [22, 82, 56, 55, 86, 64, 28, 74, 50, 87, 65, 5, 71, 97, 73, 97, 41, 47, 27, 59, 78, 31, 12, 91, 54, 75, 79, 56, 96, 17, 58, 70, 87, 25, 91, 89, 64, 96, 38, 99, 65, 19, 53, 5, 17, 18, 79, 13, 13, 49] 	 [62, 1, 85, 21, 21, 99, 63, 73, 95, 24, 59, 26, 97, 98, 63, 22, 39, 99, 81, 19, 53, 72, 52, 78, 80, 23, 61, 89, 34, 72, 69, 16, 78, 94, 26, 28, 89, 41, 86, 43, 1, 10, 16, 86, 77, 7, 99, 77, 70, 64] 
88 	 [10, 58, 97, 95, 43, 89, 42, 100, 56, 16, 90, 46, 3, 10, 39, 79, 55, 92, 87, 40, 69, 76, 2, 48, 79, 54, 64, 41, 84, 7, 70, 45, 32, 57, 64, 82, 84, 41, 39, 74, 63, 85, 60, 23, 16, 56, 24, 68, 20, 98] 	 [56, 59, 26, 69, 100, 43, 74, 95, 87, 82, 69, 2, 30, 40, 14, 33, 75, 67, 92, 76, 19, 16, 29, 21, 95, 38, 14, 54, 87, 29, 6, 66, 7, 6, 44, 85, 49, 45, 8, 32, 18, 83, 2, 81, 93, 16, 76, 96, 57, 15] 
89 	 [87, 77, 83, 73, 92, 21, 2, 20, 56, 12, 7, 37, 79, 99, 56, 74, 84, 90, 6, 54, 29, 70, 13, 68, 37, 95, 75, 23, 97, 12, 75, 47, 21, 82, 85, 95, 19, 14, 63, 88, 11, 22, 69, 73, 57, 64, 72, 80, 41, 85] 	 [61, 85, 12, 45, 65, 64, 72, 20, 84, 22, 76, 31, 34, 11, 33, 48, 16, 44, 86, 44, 19, 32, 97, 7, 34, 99, 92, 30, 78, 9, 34, 3, 28, 63, 41, 2, 77, 71, 80, 66, 16, 12, 66, 41, 11, 4, 38, 9, 3, 70] 
90 	 [27, 28, 77, 78, 12, 61, 99, 95, 18, 65, 26, 61, 3, 66, 54, 6, 51, 35, 1, 26, 2, 2, 79, 92, 44, 22, 14, 41, 21, 62, 56, 19, 94, 83, 73, 50, 76, 32, 96, 11, 27, 30, 90, 2, 14, 29, 87, 16, 12, 29] 	 [52, 85, 4, 94, 87, 52, 70, 43, 53, 66, 39, 7, 92, 79, 67, 87, 65, 58, 40, 74, 71, 38, 76, 34, 27, 99, 85, 25, 46, 50, 29, 64, 52, 47, 30, 46, 20, 26, 42, 73, 53, 83, 86, 93, 42, 43, 47, 66, 93, 16] 
91 	 [10, 30, 26, 49, 36, 89, 81, 31, 4, 45, 9, 27, 37, 21, 100, 54, 39, 99, 15, 73, 23, 83, 27, 33, 52, 39, 66, 94, 57, 13, 48, 78, 89, 78, 81, 67, 68, 32, 52, 58, 38, 91, 14, 58, 89, 17, 41, 22, 68, 94] 	 [43, 89, 75, 98, 17, 71, 32, 60, 92, 22, 64, 87, 45, 75, 2, 53, 7, 64, 52, 10, 6, 81, 47, 61, 89, 71, 73, 78, 48, 52, 59, 96, 1, 22, 73, 91, 37, 19, 10, 90, 49, 24, 57, 55, 9, 7, 15, 12, 20, 56] 
92 	 [37, 63, 40, 10, 40, 41, 35, 6, 46, 61, 50, 4, 64, 12, 25, 46, 33, 68, 5, 14, 65, 27, 35, 57, 51, 63, 69, 59, 7, 4, 39, 77, 22, 65, 82, 60, 86, 44, 74, 55, 29, 26, 54, 69, 35, 36, 54, 31, 67, 90] 	 [88, 38, 97, 43, 65, 81, 35, 15, 89, 89, 65, 76, 92, 82, 15, 97, 100, 66, 48, 74, 93, 93, 12, 20, 55, 79, 58, 11, 59, 14, 72, 12, 97, 11, 55, 49, 35, 25, 95, 54, 59, 52, 7, 34, 81, 30, 98, 2, 12, 67] 
93 	 [34, 59, 78, 4, 29, 66, 79, 57, 34, 56, 76, 91, 100, 43, 89, 10, 59, 23, 24, 42, 87, 82, 41, 89, 68, 72, 5, 64, 81, 26, 88, 35, 92, 8, 63, 81, 80, 99, 75, 11, 64, 58, 81, 94, 27, 56, 74, 25, 44, 77] 	 [20, 10, 72, 71, 88, 30, 58, 20, 25, 53, 82, 18, 90, 51, 66, 45, 64, 4, 56, 83, 45, 88, 61, 31, 81, 56, 81, 50, 11, 3, 98, 81, 36, 92, 78, 9, 73, 11, 25, 96, 57, 23, 91, 16, 32, 31, 91, 80, 62, 25] 
94 	 [44, 9, 96, 9, 81, 25, 92, 8, 18, 40, 17, 13, 19, 5, 55, 92, 82, 85, 43, 50, 51, 9, 53, 14, 61, 24, 31, 29, 38, 20, 87, 87, 7, 52, 41, 9, 17, 99, 34, 1, 92, 99, 76, 84, 28, 44, 76, 42, 76, 81] 	 [76, 44, 46, 58, 48, 84, 76, 4, 92, 96, 27, 46, 11, 95, 77, 21, 82, 70, 28, 21, 99, 44, 67, 25, 70, 22, 59, 95, 26, 12, 41, 31, 83, 100, 4, 99, 53, 23, 51, 54, 41, 24, 37, 63, 94, 72, 19, 59, 55, 90] 
95 	 [32, 25, 34, 87, 11, 74, 69, 3, 88, 89, 35, 6, 21, 96, 58, 38, 62, 35, 29, 64, 72, 13, 67, 96, 7, 91, 1, 72, 29, 34, 16, 97, 43, 5, 20, 82, 71, 42, 45, 11, 67, 7, 66, 17, 56, 79, 6, 24, 94, 28] 	 [75, 48, 84, 22, 47, 88, 49, 29, 82, 15, 62, 75, 76, 76, 25, 44, 98, 74, 2, 58, 64, 94, 34, 23, 84, 13, 87, 91, 51, 57, 23, 50, 46, 75, 61, 11, 13, 10, 56, 54, 62, 1, 50, 23, 74, 34, 63, 7, 89, 79] 
96 	 [96, 32, 33, 46, 36, 51, 15, 49, 15, 46, 85, 76, 46, 21, 66, 55, 57, 82, 32, 10, 48, 49, 99, 86, 43, 1, 42, 26, 49, 25, 61, 88, 55, 11, 17, 89, 3, 83, 37, 5, 83, 22, 26, 79, 21, 33, 11, 52, 5, 57] 	 [71, 27, 46, 79, 17, 6, 34, 19, 71, 18, 76, 50, 5, 7, 28, 44, 30, 10, 21, 4, 42, 10, 48, 86, 98, 45, 99, 49, 77, 64, 42, 37, 28, 39, 41, 87, 20, 31, 86, 89, 75, 72, 38, 13, 36, 11, 51, 33, 92, 34] 
97 	 [51, 26, 25, 29, 65, 51, 44, 26, 76, 3, 81, 94, 68, 28, 85, 17, 28, 81, 85, 9, 72, 76, 53, 38, 24, 33, 83, 98, 94, 30, 79, 46, 14, 69, 13, 37, 77, 55, 20, 24, 74, 60, 13, 57, 27, 58, 29, 18, 95, 66] 	 [88, 64, 63, 16, 39, 53, 32, 27, 64, 87, 19, 88, 46, 63, 19, 91, 36, 48, 66, 59, 11, 98, 72, 41, 24, 90, 32, 53, 47, 44, 62, 97, 15, 43, 87, 5, 40, 93, 68, 63, 89, 23, 55, 11, 27, 72, 97, 80, 21, 9] 
98 	 [69, 32, 53, 82, 85, 7, 77, 88, 17, 63, 46, 76, 11, 69, 39, 71, 54, 13, 3, 94, 89, 46, 27, 84, 3, 29, 2, 7, 34, 16, 89, 72, 95, 61, 75, 36, 89, 97, 95, 67, 88, 81, 29, 35, 97, 63, 68, 98, 49, 81] 	 [74, 77, 43, 80, 81, 74, 54, 41, 57, 61, 44, 13, 91, 46, 41, 73, 81, 82, 6, 52, 23, 51, 46, 76, 58, 28, 17, 6, 12, 40, 66, 50, 90, 86, 83, 75, 77, 58, 7, 77, 61, 3, 97, 58, 54, 37, 83, 10, 36, 6] 
99 	 [73, 75, 4, 6, 87, 60, 18, 79, 38, 33, 41, 70, 30, 72, 51, 1, 28, 96, 92, 8, 1, 4, 40, 51, 85, 54, 90, 57, 73, 36, 54, 41, 5, 5, 75, 99, 20, 84, 44, 28, 29, 35, 35, 15, 65, 78, 19, 81, 36, 42] 	 [9, 53, 3, 8, 34, 47, 74, 26, 11, 97, 44, 32, 26, 54, 56, 51, 87, 49, 28, 52, 18, 59, 76, 25, 86, 79, 18, 99, 70, 57, 36, 92, 14, 68, 24, 33, 59, 48, 30, 34, 44, 62, 38, 63, 5, 74, 63, 85, 41, 90] 
100 	 [93, 10, 69, 68, 9, 69, 25, 88, 4, 13, 98, 63, 59, 76, 96, 63, 20, 82, 20, 24, 8, 55, 3, 82, 16, 79, 40, 92, 100, 99, 1, 45, 31, 15, 91, 2, 36, 17, 95, 69, 85, 8, 84, 8, 13, 93, 87, 2, 53, 3] 	 [22, 18, 97, 81, 63, 44, 19, 77, 21, 14, 37, 49, 72, 67, 43, 76, 48, 33, 53, 30, 3, 28, 3, 98, 58, 62, 83, 88, 79, 29, 93, 72, 94, 59, 2, 27, 99, 44, 30, 38, 96, 42, 41, 70, 95, 91, 98, 40, 67, 99] 
