Instance 	 ip_model 	 	 lr_model 	 	 greedy 	 	 UB 	 
 	 objval 	 time 	 objval 	 time 	 objval 	 time 	 objval 	 time 
1 	 89520.00 	 0.26 	 89520.00 	 0.20 	 89520 	 0.15	 99206 	 0.00 	 0.00 	 0.00 
2 	 88066.00 	 0.26 	 88066.00 	 0.22 	 88066 	 0.15	 98028 	 0.00 	 0.00 	 0.00 
3 	 99230.00 	 0.29 	 99230.00 	 0.20 	 99230 	 0.15	 108987 	 0.00 	 0.00 	 0.00 
4 	 96287.00 	 0.93 	 96278.67 	 0.34 	 96287 	 0.17	 107965 	 0.00 	 0.00 	 8.33 
5 	 94448.00 	 0.93 	 94436.00 	 0.27 	 94452 	 0.16	 101600 	 0.00 	 4.00 	 12.00 
6 	 75528.00 	 0.85 	 75523.25 	 0.24 	 75528 	 0.16	 84067 	 0.00 	 0.00 	 4.75 
7 	 108490.00 	 0.25 	 108490.00 	 0.19 	 108490 	 0.16	 115742 	 0.00 	 0.00 	 0.00 
8 	 79915.00 	 0.30 	 79915.00 	 0.23 	 79915 	 0.16	 90223 	 0.00 	 0.00 	 0.00 
9 	 90602.00 	 0.89 	 90599.40 	 0.20 	 90602 	 0.16	 97650 	 0.00 	 0.00 	 2.60 
10 	 91526.00 	 0.29 	 91526.00 	 0.22 	 91526 	 0.16	 101930 	 0.00 	 0.00 	 0.00 
11 	 87943.00 	 0.31 	 87943.00 	 0.22 	 87943 	 0.15	 99981 	 0.00 	 0.00 	 0.00 
12 	 104865.00 	 0.31 	 104865.00 	 0.22 	 104865 	 0.15	 113677 	 0.00 	 0.00 	 0.00 
13 	 82672.00 	 0.26 	 82672.00 	 0.21 	 82672 	 0.16	 91097 	 0.00 	 0.00 	 0.00 
14 	 89692.00 	 0.30 	 89692.00 	 0.19 	 89692 	 0.16	 99511 	 0.00 	 0.00 	 0.00 
15 	 92771.00 	 0.26 	 92771.00 	 0.18 	 92771 	 0.16	 101650 	 0.00 	 0.00 	 0.00 
16 	 91823.00 	 0.89 	 91817.50 	 0.21 	 91823 	 0.15	 101132 	 0.00 	 0.00 	 5.50 
17 	 86199.00 	 0.33 	 86199.00 	 0.24 	 86199 	 0.15	 95676 	 0.00 	 0.00 	 0.00 
18 	 86975.00 	 0.93 	 86938.00 	 0.24 	 86975 	 0.16	 94445 	 0.00 	 0.00 	 37.00 
19 	 85318.00 	 0.33 	 85318.00 	 0.27 	 85318 	 0.16	 95921 	 0.00 	 0.00 	 0.00 
20 	 71778.00 	 0.28 	 71778.00 	 0.21 	 71778 	 0.16	 81510 	 0.00 	 0.00 	 0.00 
21 	 84616.00 	 0.28 	 84616.00 	 0.20 	 84616 	 0.16	 94315 	 0.00 	 0.00 	 0.00 
22 	 89938.00 	 0.32 	 89938.00 	 0.25 	 89938 	 0.17	 103886 	 0.00 	 0.00 	 0.00 
23 	 90135.00 	 0.31 	 90135.00 	 0.22 	 90135 	 0.17	 104603 	 0.00 	 0.00 	 0.00 
24 	 91353.00 	 0.31 	 91353.00 	 0.22 	 91353 	 0.16	 100384 	 0.00 	 0.00 	 0.00 
25 	 92170.00 	 0.32 	 92170.00 	 0.23 	 92170 	 0.16	 101191 	 0.00 	 0.00 	 0.00 
26 	 85146.00 	 0.32 	 85146.00 	 0.21 	 85146 	 0.16	 95808 	 0.00 	 0.00 	 0.00 
27 	 97755.00 	 0.29 	 97755.00 	 0.19 	 97755 	 0.16	 107846 	 0.00 	 0.00 	 0.00 
28 	 82952.00 	 0.28 	 82952.00 	 0.21 	 82952 	 0.17	 89739 	 0.00 	 0.00 	 0.00 
29 	 85815.00 	 0.31 	 85815.00 	 0.22 	 85815 	 0.16	 95730 	 0.00 	 0.00 	 0.00 
30 	 96597.00 	 0.26 	 96597.00 	 0.19 	 96597 	 0.17	 105794 	 0.00 	 0.00 	 0.00 
31 	 88560.00 	 0.33 	 88560.00 	 0.23 	 88560 	 0.16	 98063 	 0.00 	 0.00 	 0.00 
32 	 82587.00 	 0.29 	 82587.00 	 0.24 	 82587 	 0.16	 94527 	 0.00 	 0.00 	 0.00 
33 	 88409.00 	 0.27 	 88409.00 	 0.20 	 88409 	 0.16	 99034 	 0.00 	 0.00 	 0.00 
34 	 91846.00 	 0.32 	 91846.00 	 0.23 	 91846 	 0.16	 103838 	 0.00 	 0.00 	 0.00 
35 	 102628.00 	 1.04 	 102616.67 	 0.21 	 102628 	 0.16	 112490 	 0.00 	 0.00 	 11.33 
36 	 78054.00 	 0.67 	 78046.50 	 0.23 	 78054 	 0.16	 84276 	 0.00 	 0.00 	 7.50 
37 	 97336.00 	 1.09 	 97280.50 	 0.26 	 97336 	 0.16	 107782 	 0.00 	 0.00 	 55.50 
38 	 84283.00 	 0.28 	 84283.00 	 0.21 	 84283 	 0.17	 94583 	 0.00 	 0.00 	 0.00 
39 	 74490.00 	 0.26 	 74490.00 	 0.20 	 74490 	 0.15	 85859 	 0.00 	 0.00 	 0.00 
40 	 88053.00 	 0.31 	 88053.00 	 0.24 	 88053 	 0.15	 97981 	 0.00 	 0.00 	 0.00 
41 	 86558.00 	 0.88 	 86544.50 	 0.32 	 86558 	 0.16	 96512 	 0.00 	 0.00 	 13.50 
42 	 99941.00 	 0.26 	 99941.00 	 0.20 	 99941 	 0.16	 109073 	 0.00 	 0.00 	 0.00 
43 	 90767.00 	 0.33 	 90767.00 	 0.20 	 90767 	 0.16	 104209 	 0.00 	 0.00 	 0.00 
44 	 97543.00 	 0.29 	 97543.00 	 0.21 	 97543 	 0.16	 104903 	 0.00 	 0.00 	 0.00 
45 	 94024.00 	 0.26 	 94024.00 	 0.20 	 94024 	 0.17	 101016 	 0.00 	 0.00 	 0.00 
46 	 96982.00 	 0.36 	 96982.00 	 0.26 	 96982 	 0.16	 107041 	 0.00 	 0.00 	 0.00 
47 	 88213.00 	 0.27 	 88213.00 	 0.21 	 88213 	 0.16	 99212 	 0.00 	 0.00 	 0.00 
48 	 89963.00 	 0.34 	 89963.00 	 0.30 	 89963 	 0.17	 99862 	 0.00 	 0.00 	 0.00 
49 	 81821.00 	 0.27 	 81821.00 	 0.22 	 81821 	 0.16	 93038 	 0.00 	 0.00 	 0.00 
50 	 81453.00 	 0.40 	 81453.00 	 0.29 	 81453 	 0.16	 92602 	 0.00 	 0.00 	 0.00 
51 	 91483.00 	 0.33 	 91483.00 	 0.25 	 91483 	 0.16	 100934 	 0.00 	 0.00 	 0.00 
52 	 91250.00 	 1.04 	 91224.00 	 0.25 	 91283 	 0.16	 100753 	 0.00 	 33.00 	 26.00 
53 	 92514.00 	 0.30 	 92514.00 	 0.27 	 92514 	 0.16	 99137 	 0.00 	 0.00 	 0.00 
54 	 100501.00 	 0.34 	 100501.00 	 0.22 	 100501 	 0.16	 109057 	 0.00 	 0.00 	 0.00 
55 	 105377.00 	 0.34 	 105377.00 	 0.23 	 105377 	 0.16	 115851 	 0.00 	 0.00 	 0.00 
56 	 96460.00 	 0.28 	 96460.00 	 0.20 	 96460 	 0.16	 104035 	 0.00 	 0.00 	 0.00 
57 	 90316.00 	 0.32 	 90316.00 	 0.25 	 90316 	 0.15	 100294 	 0.00 	 0.00 	 0.00 
58 	 93086.00 	 0.38 	 93086.00 	 0.28 	 93086 	 0.17	 103900 	 0.00 	 0.00 	 0.00 
59 	 89089.00 	 0.37 	 89089.00 	 0.27 	 89089 	 0.16	 101214 	 0.00 	 0.00 	 0.00 
60 	 84191.00 	 0.28 	 84191.00 	 0.19 	 84191 	 0.16	 95326 	 0.00 	 0.00 	 0.00 
61 	 93656.00 	 0.27 	 93656.00 	 0.20 	 93684 	 0.16	 103598 	 0.00 	 28.00 	 0.00 
62 	 92006.00 	 1.12 	 91991.67 	 0.21 	 92006 	 0.16	 101739 	 0.00 	 0.00 	 14.33 
63 	 90135.00 	 0.27 	 90135.00 	 0.19 	 90135 	 0.15	 98306 	 0.00 	 0.00 	 0.00 
64 	 100370.00 	 0.30 	 100370.00 	 0.22 	 100397 	 0.15	 109631 	 0.00 	 27.00 	 0.00 
65 	 103478.00 	 0.30 	 103478.00 	 0.20 	 103478 	 0.16	 115936 	 0.00 	 0.00 	 0.00 
66 	 83776.00 	 0.32 	 83776.00 	 0.24 	 83776 	 0.16	 93643 	 0.00 	 0.00 	 0.00 
67 	 75549.00 	 0.31 	 75549.00 	 0.23 	 75549 	 0.15	 86948 	 0.00 	 0.00 	 0.00 
68 	 82503.00 	 0.34 	 82503.00 	 0.26 	 82503 	 0.16	 92812 	 0.00 	 0.00 	 0.00 
69 	 82754.00 	 0.96 	 82753.80 	 0.21 	 82766 	 0.16	 91199 	 0.00 	 12.00 	 0.20 
70 	 84517.00 	 0.34 	 84517.00 	 0.23 	 84517 	 0.16	 95947 	 0.00 	 0.00 	 0.00 
71 	 83677.00 	 0.24 	 83677.00 	 0.19 	 83677 	 0.16	 92153 	 0.00 	 0.00 	 0.00 
72 	 94201.00 	 0.29 	 94201.00 	 0.20 	 94201 	 0.16	 104598 	 0.00 	 0.00 	 0.00 
73 	 87988.00 	 0.27 	 87988.00 	 0.19 	 87988 	 0.16	 97933 	 0.00 	 0.00 	 0.00 
74 	 82200.00 	 0.34 	 82200.00 	 0.24 	 82200 	 0.16	 92330 	 0.00 	 0.00 	 0.00 
75 	 96499.00 	 0.33 	 96499.00 	 0.23 	 96499 	 0.16	 104821 	 0.00 	 0.00 	 0.00 
76 	 89948.00 	 0.30 	 89948.00 	 0.22 	 89948 	 0.16	 99699 	 0.00 	 0.00 	 0.00 
77 	 89023.00 	 0.81 	 89021.50 	 0.29 	 89029 	 0.16	 100824 	 0.00 	 6.00 	 1.50 
78 	 88495.00 	 0.75 	 88477.67 	 0.27 	 88495 	 0.16	 98666 	 0.00 	 0.00 	 17.33 
79 	 89505.00 	 0.29 	 89505.00 	 0.21 	 89505 	 0.17	 100255 	 0.00 	 0.00 	 0.00 
80 	 94765.00 	 0.32 	 94765.00 	 0.23 	 94765 	 0.15	 105505 	 0.00 	 0.00 	 0.00 
81 	 88400.00 	 0.30 	 88400.00 	 0.20 	 88400 	 0.16	 98586 	 0.00 	 0.00 	 0.00 
82 	 102049.00 	 0.32 	 102049.00 	 0.25 	 102049 	 0.16	 110826 	 0.00 	 0.00 	 0.00 
83 	 103482.00 	 0.26 	 103482.00 	 0.23 	 103482 	 0.17	 112297 	 0.00 	 0.00 	 0.00 
84 	 86697.00 	 0.55 	 86684.00 	 0.20 	 86697 	 0.17	 92582 	 0.00 	 0.00 	 13.00 
85 	 81413.00 	 0.36 	 81413.00 	 0.23 	 81413 	 0.16	 90969 	 0.00 	 0.00 	 0.00 
86 	 102149.00 	 0.33 	 102149.00 	 0.24 	 102149 	 0.16	 109920 	 0.00 	 0.00 	 0.00 
87 	 107016.00 	 0.83 	 107015.00 	 0.27 	 107016 	 0.17	 117782 	 0.00 	 0.00 	 1.00 
88 	 94855.00 	 0.71 	 94853.00 	 0.24 	 94855 	 0.16	 102970 	 0.00 	 0.00 	 2.00 
89 	 86327.00 	 0.31 	 86327.00 	 0.21 	 86327 	 0.16	 96960 	 0.00 	 0.00 	 0.00 
90 	 91963.00 	 0.32 	 91963.00 	 0.23 	 91963 	 0.15	 104253 	 0.00 	 0.00 	 0.00 
91 	 89513.00 	 0.89 	 89497.00 	 0.25 	 89513 	 0.18	 100207 	 0.00 	 0.00 	 16.00 
92 	 92777.00 	 0.27 	 92777.00 	 0.20 	 92777 	 0.17	 101277 	 0.00 	 0.00 	 0.00 
93 	 102531.00 	 0.32 	 102531.00 	 0.20 	 102531 	 0.16	 114677 	 0.00 	 0.00 	 0.00 
94 	 89505.00 	 0.33 	 89505.00 	 0.24 	 89550 	 0.16	 100507 	 0.00 	 45.00 	 0.00 
95 	 86608.00 	 0.79 	 86607.00 	 0.24 	 86608 	 0.16	 98396 	 0.00 	 0.00 	 1.00 
96 	 78266.00 	 1.13 	 78241.00 	 0.28 	 78266 	 0.16	 86552 	 0.00 	 0.00 	 25.00 
97 	 95139.00 	 0.35 	 95139.00 	 0.22 	 95146 	 0.16	 105811 	 0.00 	 7.00 	 0.00 
98 	 101183.00 	 0.31 	 101183.00 	 0.22 	 101183 	 0.16	 111162 	 0.00 	 0.00 	 0.00 
99 	 85417.00 	 0.43 	 85417.00 	 0.31 	 85417 	 0.16	 94499 	 0.00 	 0.00 	 0.00 
100 	 89631.00 	 0.28 	 89631.00 	 0.19 	 89631 	 0.16	 99098 	 0.00 	 0.00 	 0.00 
