Instance 	 ip_model 	 	 lr_model 	 	 greedy 	 	 UB 	 
 	 objval 	 time 	 objval 	 time 	 objval 	 time 	 objval 	 time 
1 	 90807.00 	 1.07 	 90767.00 	 0.37 	 90901 	 0.17	 99206 	 0.00 	 94.00 	 40.00 
2 	 89844.00 	 1.48 	 89722.50 	 0.34 	 89903 	 0.17	 98028 	 0.00 	 59.00 	 121.50 
3 	 100874.00 	 1.40 	 100779.00 	 0.46 	 100874 	 0.17	 108987 	 0.00 	 0.00 	 95.00 
4 	 98346.00 	 1.47 	 98330.00 	 0.37 	 98592 	 0.17	 107965 	 0.00 	 246.00 	 16.00 
5 	 95794.00 	 0.97 	 95791.67 	 0.35 	 95794 	 0.17	 101600 	 0.00 	 0.00 	 2.33 
6 	 77023.00 	 2.22 	 76885.50 	 0.55 	 77023 	 0.17	 84067 	 0.00 	 0.00 	 137.50 
7 	 109791.00 	 1.21 	 109787.80 	 0.33 	 109791 	 0.16	 115742 	 0.00 	 0.00 	 3.20 
8 	 81684.00 	 1.35 	 81539.50 	 0.51 	 81684 	 0.18	 90223 	 0.00 	 0.00 	 144.50 
9 	 91757.00 	 0.30 	 91757.00 	 0.35 	 91757 	 0.17	 97650 	 0.00 	 0.00 	 0.00 
10 	 93434.00 	 2.26 	 93290.00 	 0.37 	 93504 	 0.17	 101930 	 0.00 	 70.00 	 144.00 
11 	 90093.00 	 1.20 	 89927.00 	 0.41 	 90093 	 0.17	 99981 	 0.00 	 0.00 	 166.00 
12 	 106430.00 	 0.90 	 106386.50 	 0.41 	 106430 	 0.17	 113677 	 0.00 	 0.00 	 43.50 
13 	 84201.00 	 1.62 	 84164.50 	 0.46 	 84201 	 0.17	 91097 	 0.00 	 0.00 	 36.50 
14 	 91192.00 	 0.37 	 91192.00 	 0.37 	 91192 	 0.17	 99511 	 0.00 	 0.00 	 0.00 
15 	 94095.00 	 1.06 	 94089.00 	 0.49 	 94238 	 0.16	 101650 	 0.00 	 143.00 	 6.00 
16 	 93660.00 	 1.47 	 93642.25 	 0.36 	 93668 	 0.17	 101132 	 0.00 	 8.00 	 17.75 
17 	 88078.00 	 1.25 	 87994.50 	 0.46 	 88247 	 0.17	 95676 	 0.00 	 169.00 	 83.50 
18 	 88240.00 	 0.31 	 88240.00 	 0.49 	 88240 	 0.17	 94445 	 0.00 	 0.00 	 0.00 
19 	 87027.00 	 1.49 	 86848.00 	 0.48 	 87044 	 0.17	 95921 	 0.00 	 17.00 	 179.00 
20 	 73242.00 	 0.34 	 73242.00 	 0.40 	 73242 	 0.16	 81510 	 0.00 	 0.00 	 0.00 
21 	 85942.00 	 0.31 	 85942.00 	 0.40 	 86058 	 0.17	 94315 	 0.00 	 116.00 	 0.00 
22 	 92667.00 	 6.38 	 92349.50 	 0.33 	 92842 	 0.17	 103886 	 0.00 	 175.00 	 317.50 
23 	 93635.00 	 5.91 	 93312.00 	 0.43 	 93736 	 0.17	 104603 	 0.00 	 101.00 	 323.00 
24 	 93225.00 	 0.73 	 93191.00 	 0.45 	 93225 	 0.17	 100384 	 0.00 	 0.00 	 34.00 
25 	 93745.00 	 0.35 	 93745.00 	 0.39 	 93745 	 0.17	 101191 	 0.00 	 0.00 	 0.00 
26 	 87068.00 	 1.81 	 86940.50 	 0.40 	 87068 	 0.16	 95808 	 0.00 	 0.00 	 127.50 
27 	 99324.00 	 1.93 	 99214.50 	 0.36 	 99430 	 0.17	 107846 	 0.00 	 106.00 	 109.50 
28 	 84253.00 	 0.33 	 84253.00 	 0.35 	 84253 	 0.17	 89739 	 0.00 	 0.00 	 0.00 
29 	 87666.00 	 1.55 	 87531.00 	 0.40 	 87712 	 0.19	 95730 	 0.00 	 46.00 	 135.00 
30 	 98427.00 	 1.73 	 98323.00 	 0.38 	 98464 	 0.16	 105794 	 0.00 	 37.00 	 104.00 
31 	 90099.00 	 1.25 	 89957.00 	 0.35 	 90099 	 0.17	 98063 	 0.00 	 0.00 	 142.00 
32 	 84722.00 	 1.84 	 84498.00 	 0.78 	 84722 	 0.17	 94527 	 0.00 	 0.00 	 224.00 
33 	 90152.00 	 0.93 	 90066.50 	 0.41 	 90152 	 0.17	 99034 	 0.00 	 0.00 	 85.50 
34 	 93838.00 	 1.54 	 93690.00 	 0.43 	 93838 	 0.17	 103838 	 0.00 	 0.00 	 148.00 
35 	 104389.00 	 1.80 	 104284.00 	 0.55 	 104462 	 0.18	 112490 	 0.00 	 73.00 	 105.00 
36 	 79179.00 	 0.68 	 79178.50 	 0.35 	 79186 	 0.17	 84276 	 0.00 	 7.00 	 0.50 
37 	 99112.00 	 2.71 	 98982.00 	 0.49 	 99220 	 0.17	 107782 	 0.00 	 108.00 	 130.00 
38 	 86200.00 	 2.05 	 86020.50 	 0.36 	 86237 	 0.17	 94583 	 0.00 	 37.00 	 179.50 
39 	 76635.00 	 2.44 	 76438.00 	 0.38 	 76709 	 0.17	 85859 	 0.00 	 74.00 	 197.00 
40 	 89894.00 	 0.78 	 89859.00 	 0.45 	 89894 	 0.17	 97981 	 0.00 	 0.00 	 35.00 
41 	 88407.00 	 1.07 	 88352.50 	 0.52 	 88407 	 0.18	 96512 	 0.00 	 0.00 	 54.50 
42 	 101495.00 	 1.12 	 101450.00 	 0.41 	 101528 	 0.18	 109073 	 0.00 	 33.00 	 45.00 
43 	 93315.00 	 3.09 	 93070.50 	 0.39 	 93315 	 0.17	 104209 	 0.00 	 0.00 	 244.50 
44 	 98836.00 	 0.29 	 98836.00 	 0.36 	 98836 	 0.16	 104903 	 0.00 	 0.00 	 0.00 
45 	 95034.00 	 0.29 	 95034.00 	 0.49 	 95034 	 0.17	 101016 	 0.00 	 0.00 	 0.00 
46 	 98858.00 	 1.12 	 98822.50 	 0.32 	 98858 	 0.16	 107041 	 0.00 	 0.00 	 35.50 
47 	 90110.00 	 2.82 	 90000.50 	 0.36 	 90110 	 0.17	 99212 	 0.00 	 0.00 	 109.50 
48 	 91742.00 	 1.72 	 91671.67 	 0.32 	 91807 	 0.17	 99862 	 0.00 	 65.00 	 70.33 
49 	 84112.00 	 1.50 	 83988.00 	 0.50 	 84112 	 0.17	 93038 	 0.00 	 0.00 	 124.00 
50 	 83624.00 	 2.62 	 83464.50 	 0.44 	 83624 	 0.17	 92602 	 0.00 	 0.00 	 159.50 
51 	 93058.00 	 0.33 	 93058.00 	 0.48 	 93058 	 0.17	 100934 	 0.00 	 0.00 	 0.00 
52 	 93076.00 	 1.25 	 93064.67 	 0.51 	 93086 	 0.17	 100753 	 0.00 	 10.00 	 11.33 
53 	 93584.00 	 1.12 	 93573.67 	 0.48 	 93584 	 0.17	 99137 	 0.00 	 0.00 	 10.33 
54 	 102038.00 	 1.42 	 101990.00 	 0.35 	 102134 	 0.17	 109057 	 0.00 	 96.00 	 48.00 
55 	 107435.00 	 1.36 	 107324.50 	 0.39 	 107442 	 0.17	 115851 	 0.00 	 7.00 	 110.50 
56 	 97761.00 	 0.89 	 97747.50 	 0.50 	 97761 	 0.17	 104035 	 0.00 	 0.00 	 13.50 
57 	 91796.00 	 0.93 	 91772.33 	 0.45 	 91839 	 0.17	 100294 	 0.00 	 43.00 	 23.67 
58 	 95563.00 	 10.18 	 95390.00 	 0.38 	 95563 	 0.17	 103900 	 0.00 	 0.00 	 173.00 
59 	 91185.00 	 1.89 	 91032.50 	 0.40 	 91322 	 0.17	 101214 	 0.00 	 137.00 	 152.50 
60 	 86359.00 	 14.41 	 86083.50 	 0.40 	 86359 	 0.17	 95326 	 0.00 	 0.00 	 275.50 
61 	 94952.00 	 6.05 	 94804.50 	 0.62 	 94974 	 0.17	 103598 	 0.00 	 22.00 	 147.50 
62 	 93394.00 	 0.40 	 93394.00 	 0.36 	 93452 	 0.17	 101739 	 0.00 	 58.00 	 0.00 
63 	 91415.00 	 0.32 	 91415.00 	 0.37 	 91431 	 0.17	 98306 	 0.00 	 16.00 	 0.00 
64 	 101881.00 	 4.39 	 101720.00 	 0.58 	 101910 	 0.17	 109631 	 0.00 	 29.00 	 161.00 
65 	 105945.00 	 3.56 	 105687.50 	 0.46 	 106078 	 0.17	 115936 	 0.00 	 133.00 	 257.50 
66 	 85676.00 	 3.47 	 85556.00 	 0.38 	 85796 	 0.17	 93643 	 0.00 	 120.00 	 120.00 
67 	 77915.00 	 2.78 	 77668.50 	 0.50 	 77915 	 0.17	 86948 	 0.00 	 0.00 	 246.50 
68 	 84184.00 	 0.83 	 84143.50 	 0.45 	 84184 	 0.17	 92812 	 0.00 	 0.00 	 40.50 
69 	 84228.00 	 1.54 	 84119.00 	 0.41 	 84228 	 0.17	 91199 	 0.00 	 0.00 	 109.00 
70 	 86544.00 	 1.90 	 86460.50 	 0.38 	 86586 	 0.17	 95947 	 0.00 	 42.00 	 83.50 
71 	 85048.00 	 1.06 	 85014.00 	 0.51 	 85048 	 0.17	 92153 	 0.00 	 0.00 	 34.00 
72 	 96204.00 	 1.13 	 96121.00 	 0.46 	 96204 	 0.17	 104598 	 0.00 	 0.00 	 83.00 
73 	 89278.00 	 1.84 	 89194.50 	 0.37 	 89282 	 0.17	 97933 	 0.00 	 4.00 	 83.50 
74 	 84005.00 	 7.82 	 83834.50 	 0.37 	 84036 	 0.19	 92330 	 0.00 	 31.00 	 170.50 
75 	 98113.00 	 1.61 	 98009.50 	 0.24 	 98115 	 0.17	 104821 	 0.00 	 2.00 	 103.50 
76 	 91493.00 	 2.31 	 91349.00 	 0.49 	 91493 	 0.19	 99699 	 0.00 	 0.00 	 144.00 
77 	 91269.00 	 1.99 	 91091.50 	 0.40 	 91303 	 0.17	 100824 	 0.00 	 34.00 	 177.50 
78 	 90303.00 	 2.02 	 90171.00 	 0.42 	 90303 	 0.17	 98666 	 0.00 	 0.00 	 132.00 
79 	 91163.00 	 1.45 	 90992.50 	 0.51 	 91163 	 0.16	 100255 	 0.00 	 0.00 	 170.50 
80 	 96735.00 	 1.17 	 96681.50 	 0.54 	 96735 	 0.17	 105505 	 0.00 	 0.00 	 53.50 
81 	 90344.00 	 1.41 	 90218.50 	 0.37 	 90344 	 0.17	 98586 	 0.00 	 0.00 	 125.50 
82 	 103766.00 	 0.37 	 103766.00 	 0.36 	 103766 	 0.18	 110826 	 0.00 	 0.00 	 0.00 
83 	 105280.00 	 1.82 	 105197.75 	 0.48 	 105351 	 0.17	 112297 	 0.00 	 71.00 	 82.25 
84 	 87793.00 	 1.10 	 87787.86 	 0.34 	 87795 	 0.17	 92582 	 0.00 	 2.00 	 5.14 
85 	 83131.00 	 1.16 	 83111.00 	 0.44 	 83318 	 0.16	 90969 	 0.00 	 187.00 	 20.00 
86 	 103286.00 	 0.32 	 103286.00 	 0.38 	 103286 	 0.17	 109920 	 0.00 	 0.00 	 0.00 
87 	 109466.00 	 2.22 	 109313.50 	 0.41 	 109497 	 0.19	 117782 	 0.00 	 31.00 	 152.50 
88 	 96161.00 	 0.46 	 96161.00 	 0.41 	 96161 	 0.19	 102970 	 0.00 	 0.00 	 0.00 
89 	 87974.00 	 2.89 	 87745.00 	 0.67 	 88018 	 0.27	 96960 	 0.00 	 44.00 	 229.00 
90 	 94565.00 	 1.36 	 94394.50 	 0.40 	 94565 	 0.17	 104253 	 0.00 	 0.00 	 170.50 
91 	 91215.00 	 2.04 	 91141.00 	 0.47 	 91349 	 0.17	 100207 	 0.00 	 134.00 	 74.00 
92 	 94507.00 	 1.39 	 94431.00 	 0.47 	 94540 	 0.18	 101277 	 0.00 	 33.00 	 76.00 
93 	 104711.00 	 2.07 	 104426.00 	 0.39 	 104711 	 0.17	 114677 	 0.00 	 0.00 	 285.00 
94 	 91566.00 	 5.53 	 91364.50 	 0.41 	 91623 	 0.17	 100507 	 0.00 	 57.00 	 201.50 
95 	 88679.00 	 3.10 	 88338.00 	 0.58 	 88679 	 0.19	 98396 	 0.00 	 0.00 	 341.00 
96 	 79698.00 	 0.50 	 79698.00 	 0.41 	 79698 	 0.18	 86552 	 0.00 	 0.00 	 0.00 
97 	 97110.00 	 1.40 	 97017.50 	 0.48 	 97167 	 0.20	 105811 	 0.00 	 57.00 	 92.50 
98 	 102696.00 	 2.26 	 102569.50 	 0.48 	 102696 	 0.17	 111162 	 0.00 	 0.00 	 126.50 
99 	 87411.00 	 1.28 	 87341.50 	 0.49 	 87411 	 0.19	 94499 	 0.00 	 0.00 	 69.50 
100 	 90932.00 	 0.88 	 90862.50 	 0.41 	 90932 	 0.20	 99098 	 0.00 	 0.00 	 69.50 
