Instance 	 ip_model 	 	 lr_model 	 	 greedy 	 	 UB 	 
 	 objval 	 time 	 objval 	 time 	 objval 	 time 	 objval 	 time 
1 	 88837.00 	 0.56 	 88828.50 	 0.17 	 88854 	 0.15	 99206 	 0.00 	 17.00 	 8.50 
2 	 86940.00 	 0.23 	 86940.00 	 0.20 	 86940 	 0.14	 98028 	 0.00 	 0.00 	 0.00 
3 	 98170.00 	 0.51 	 98170.00 	 0.20 	 98170 	 0.14	 108987 	 0.00 	 0.00 	 0.00 
4 	 94946.00 	 0.90 	 94916.00 	 0.23 	 94946 	 0.19	 107965 	 0.00 	 0.00 	 30.00 
5 	 93555.00 	 0.57 	 93552.50 	 0.19 	 93555 	 0.21	 101600 	 0.00 	 0.00 	 2.50 
6 	 74535.00 	 0.29 	 74535.00 	 0.18 	 74535 	 0.15	 84067 	 0.00 	 0.00 	 0.00 
7 	 107781.00 	 0.68 	 107779.33 	 0.22 	 107781 	 0.14	 115742 	 0.00 	 0.00 	 1.67 
8 	 78783.00 	 0.31 	 78783.00 	 0.23 	 78783 	 0.14	 90223 	 0.00 	 0.00 	 0.00 
9 	 89653.00 	 0.25 	 89653.00 	 0.18 	 89653 	 0.14	 97650 	 0.00 	 0.00 	 0.00 
10 	 90368.00 	 0.29 	 90368.00 	 0.19 	 90368 	 0.15	 101930 	 0.00 	 0.00 	 0.00 
11 	 86586.00 	 0.70 	 86575.00 	 0.23 	 86586 	 0.15	 99981 	 0.00 	 0.00 	 11.00 
12 	 103677.00 	 0.68 	 103668.50 	 0.25 	 103677 	 0.15	 113677 	 0.00 	 0.00 	 8.50 
13 	 81496.00 	 0.73 	 81478.50 	 0.22 	 81496 	 0.14	 91097 	 0.00 	 0.00 	 17.50 
14 	 88822.00 	 0.64 	 88819.67 	 0.23 	 88822 	 0.15	 99511 	 0.00 	 0.00 	 2.33 
15 	 92089.00 	 0.21 	 92089.00 	 0.15 	 92089 	 0.15	 101650 	 0.00 	 0.00 	 0.00 
16 	 90505.00 	 0.40 	 90505.00 	 0.29 	 90505 	 0.15	 101132 	 0.00 	 0.00 	 0.00 
17 	 85019.00 	 0.28 	 85019.00 	 0.22 	 85019 	 0.14	 95676 	 0.00 	 0.00 	 0.00 
18 	 85964.00 	 0.28 	 85964.00 	 0.20 	 85964 	 0.15	 94445 	 0.00 	 0.00 	 0.00 
19 	 84217.00 	 0.25 	 84217.00 	 0.18 	 84217 	 0.17	 95921 	 0.00 	 0.00 	 0.00 
20 	 70881.00 	 0.26 	 70881.00 	 0.20 	 70881 	 0.15	 81510 	 0.00 	 0.00 	 0.00 
21 	 83725.00 	 0.27 	 83725.00 	 0.19 	 83725 	 0.15	 94315 	 0.00 	 0.00 	 0.00 
22 	 88599.00 	 0.26 	 88599.00 	 0.18 	 88599 	 0.15	 103886 	 0.00 	 0.00 	 0.00 
23 	 88097.00 	 0.29 	 88097.00 	 0.23 	 88097 	 0.15	 104603 	 0.00 	 0.00 	 0.00 
24 	 90169.00 	 0.53 	 90169.00 	 0.21 	 90169 	 0.21	 100384 	 0.00 	 0.00 	 0.00 
25 	 91136.00 	 0.32 	 91136.00 	 0.24 	 91136 	 0.15	 101191 	 0.00 	 0.00 	 0.00 
26 	 83982.00 	 0.78 	 83975.50 	 0.20 	 83995 	 0.14	 95808 	 0.00 	 13.00 	 6.50 
27 	 96803.00 	 0.91 	 96794.00 	 0.24 	 96821 	 0.16	 107846 	 0.00 	 18.00 	 9.00 
28 	 82069.00 	 0.26 	 82069.00 	 0.20 	 82069 	 0.17	 89739 	 0.00 	 0.00 	 0.00 
29 	 84507.00 	 0.39 	 84507.00 	 0.29 	 84507 	 0.15	 95730 	 0.00 	 0.00 	 0.00 
30 	 95175.00 	 0.75 	 95174.00 	 0.25 	 95175 	 0.15	 105794 	 0.00 	 0.00 	 1.00 
31 	 87702.00 	 0.26 	 87702.00 	 0.18 	 87702 	 0.15	 98063 	 0.00 	 0.00 	 0.00 
32 	 81507.00 	 0.32 	 81507.00 	 0.22 	 81507 	 0.16	 94527 	 0.00 	 0.00 	 0.00 
33 	 87118.00 	 0.28 	 87118.00 	 0.19 	 87118 	 0.15	 99034 	 0.00 	 0.00 	 0.00 
34 	 90840.00 	 0.76 	 90820.00 	 0.26 	 90840 	 0.15	 103838 	 0.00 	 0.00 	 20.00 
35 	 101558.00 	 0.27 	 101558.00 	 0.20 	 101558 	 0.15	 112490 	 0.00 	 0.00 	 0.00 
36 	 77261.00 	 0.27 	 77261.00 	 0.19 	 77261 	 0.15	 84276 	 0.00 	 0.00 	 0.00 
37 	 96241.00 	 0.24 	 96241.00 	 0.18 	 96245 	 0.15	 107782 	 0.00 	 4.00 	 0.00 
38 	 83271.00 	 0.29 	 83271.00 	 0.19 	 83271 	 0.16	 94583 	 0.00 	 0.00 	 0.00 
39 	 73293.00 	 0.88 	 73273.50 	 0.19 	 73293 	 0.15	 85859 	 0.00 	 0.00 	 19.50 
40 	 86765.00 	 0.31 	 86765.00 	 0.22 	 86765 	 0.15	 97981 	 0.00 	 0.00 	 0.00 
41 	 85596.00 	 0.70 	 85583.50 	 0.23 	 85596 	 0.15	 96512 	 0.00 	 0.00 	 12.50 
42 	 98708.00 	 0.27 	 98708.00 	 0.20 	 98708 	 0.15	 109073 	 0.00 	 0.00 	 0.00 
43 	 89262.00 	 0.33 	 89262.00 	 0.25 	 89262 	 0.15	 104209 	 0.00 	 0.00 	 0.00 
44 	 96581.00 	 0.27 	 96581.00 	 0.21 	 96581 	 0.15	 104903 	 0.00 	 0.00 	 0.00 
45 	 93255.00 	 0.72 	 93250.00 	 0.19 	 93272 	 0.15	 101016 	 0.00 	 17.00 	 5.00 
46 	 95793.00 	 0.83 	 95776.00 	 0.25 	 95793 	 0.15	 107041 	 0.00 	 0.00 	 17.00 
47 	 87056.00 	 0.92 	 87052.33 	 0.25 	 87056 	 0.15	 99212 	 0.00 	 0.00 	 3.67 
48 	 88623.00 	 0.33 	 88623.00 	 0.25 	 88623 	 0.15	 99862 	 0.00 	 0.00 	 0.00 
49 	 80337.00 	 0.83 	 80309.50 	 0.25 	 80337 	 0.14	 93038 	 0.00 	 0.00 	 27.50 
50 	 80252.00 	 0.94 	 80225.50 	 0.24 	 80252 	 0.14	 92602 	 0.00 	 0.00 	 26.50 
51 	 90465.00 	 0.26 	 90465.00 	 0.21 	 90465 	 0.15	 100934 	 0.00 	 0.00 	 0.00 
52 	 89978.00 	 0.87 	 89966.00 	 0.26 	 89978 	 0.15	 100753 	 0.00 	 0.00 	 12.00 
53 	 91756.00 	 0.23 	 91756.00 	 0.16 	 91756 	 0.15	 99137 	 0.00 	 0.00 	 0.00 
54 	 99491.00 	 0.70 	 99476.50 	 0.19 	 99494 	 0.15	 109057 	 0.00 	 3.00 	 14.50 
55 	 103910.00 	 0.30 	 103910.00 	 0.22 	 103926 	 0.14	 115851 	 0.00 	 16.00 	 0.00 
56 	 95723.00 	 0.30 	 95723.00 	 0.20 	 95723 	 0.15	 104035 	 0.00 	 0.00 	 0.00 
57 	 89381.00 	 0.72 	 89368.33 	 0.22 	 89381 	 0.15	 100294 	 0.00 	 0.00 	 12.67 
58 	 91630.00 	 0.91 	 91616.00 	 0.28 	 91630 	 0.15	 103900 	 0.00 	 0.00 	 14.00 
59 	 88053.00 	 0.28 	 88053.00 	 0.21 	 88053 	 0.15	 101214 	 0.00 	 0.00 	 0.00 
60 	 83245.00 	 0.29 	 83245.00 	 0.22 	 83245 	 0.16	 95326 	 0.00 	 0.00 	 0.00 
61 	 93066.00 	 0.23 	 93066.00 	 0.16 	 93066 	 0.15	 103598 	 0.00 	 0.00 	 0.00 
62 	 90910.00 	 0.26 	 90910.00 	 0.19 	 90910 	 0.15	 101739 	 0.00 	 0.00 	 0.00 
63 	 89393.00 	 0.64 	 89387.00 	 0.20 	 89405 	 0.15	 98306 	 0.00 	 12.00 	 6.00 
64 	 99492.00 	 0.28 	 99492.00 	 0.22 	 99492 	 0.15	 109631 	 0.00 	 0.00 	 0.00 
65 	 102068.00 	 0.28 	 102068.00 	 0.20 	 102068 	 0.15	 115936 	 0.00 	 0.00 	 0.00 
66 	 82593.00 	 0.74 	 82583.50 	 0.22 	 82593 	 0.15	 93643 	 0.00 	 0.00 	 9.50 
67 	 74260.00 	 0.28 	 74260.00 	 0.21 	 74260 	 0.15	 86948 	 0.00 	 0.00 	 0.00 
68 	 81340.00 	 0.34 	 81340.00 	 0.28 	 81340 	 0.15	 92812 	 0.00 	 0.00 	 0.00 
69 	 81657.00 	 0.27 	 81657.00 	 0.20 	 81677 	 0.15	 91199 	 0.00 	 20.00 	 0.00 
70 	 83380.00 	 0.77 	 83374.50 	 0.26 	 83380 	 0.15	 95947 	 0.00 	 0.00 	 5.50 
71 	 82927.00 	 0.67 	 82924.00 	 0.18 	 82927 	 0.15	 92153 	 0.00 	 0.00 	 3.00 
72 	 92895.00 	 0.73 	 92885.50 	 0.26 	 92895 	 0.15	 104598 	 0.00 	 0.00 	 9.50 
73 	 87352.00 	 0.77 	 87344.67 	 0.20 	 87352 	 0.13	 97933 	 0.00 	 0.00 	 7.33 
74 	 81153.00 	 0.24 	 81153.00 	 0.17 	 81153 	 0.16	 92330 	 0.00 	 0.00 	 0.00 
75 	 95347.00 	 0.73 	 95339.50 	 0.31 	 95347 	 0.15	 104821 	 0.00 	 0.00 	 7.50 
76 	 89118.00 	 0.27 	 89118.00 	 0.18 	 89118 	 0.15	 99699 	 0.00 	 0.00 	 0.00 
77 	 87381.00 	 0.30 	 87381.00 	 0.20 	 87381 	 0.15	 100824 	 0.00 	 0.00 	 0.00 
78 	 87254.00 	 1.13 	 87247.00 	 0.27 	 87254 	 0.15	 98666 	 0.00 	 0.00 	 7.00 
79 	 88690.00 	 0.26 	 88690.00 	 0.17 	 88707 	 0.15	 100255 	 0.00 	 17.00 	 0.00 
80 	 93605.00 	 0.99 	 93598.00 	 0.19 	 93605 	 0.15	 105505 	 0.00 	 0.00 	 7.00 
81 	 87269.00 	 0.31 	 87269.00 	 0.22 	 87269 	 0.16	 98586 	 0.00 	 0.00 	 0.00 
82 	 100611.00 	 0.32 	 100611.00 	 0.22 	 100611 	 0.15	 110826 	 0.00 	 0.00 	 0.00 
83 	 102319.00 	 0.93 	 102289.50 	 0.31 	 102319 	 0.16	 112297 	 0.00 	 0.00 	 29.50 
84 	 85921.00 	 0.32 	 85921.00 	 0.24 	 85921 	 0.15	 92582 	 0.00 	 0.00 	 0.00 
85 	 80226.00 	 0.78 	 80222.00 	 0.27 	 80226 	 0.15	 90969 	 0.00 	 0.00 	 4.00 
86 	 101545.00 	 0.22 	 101545.00 	 0.15 	 101545 	 0.15	 109920 	 0.00 	 0.00 	 0.00 
87 	 105084.00 	 0.33 	 105084.00 	 0.24 	 105084 	 0.15	 117782 	 0.00 	 0.00 	 0.00 
88 	 93865.00 	 0.29 	 93865.00 	 0.25 	 93865 	 0.16	 102970 	 0.00 	 0.00 	 0.00 
89 	 85715.00 	 0.50 	 85712.00 	 0.17 	 85725 	 0.15	 96960 	 0.00 	 10.00 	 3.00 
90 	 90480.00 	 0.29 	 90480.00 	 0.20 	 90480 	 0.15	 104253 	 0.00 	 0.00 	 0.00 
91 	 88446.00 	 0.27 	 88446.00 	 0.18 	 88446 	 0.15	 100207 	 0.00 	 0.00 	 0.00 
92 	 91642.00 	 0.34 	 91642.00 	 0.27 	 91642 	 0.15	 101277 	 0.00 	 0.00 	 0.00 
93 	 101630.00 	 0.81 	 101610.00 	 0.21 	 101630 	 0.15	 114677 	 0.00 	 0.00 	 20.00 
94 	 88159.00 	 0.32 	 88159.00 	 0.27 	 88159 	 0.15	 100507 	 0.00 	 0.00 	 0.00 
95 	 85481.00 	 0.62 	 85477.00 	 0.27 	 85481 	 0.15	 98396 	 0.00 	 0.00 	 4.00 
96 	 77201.00 	 0.65 	 77194.50 	 0.22 	 77201 	 0.15	 86552 	 0.00 	 0.00 	 6.50 
97 	 93829.00 	 0.28 	 93829.00 	 0.21 	 93829 	 0.15	 105811 	 0.00 	 0.00 	 0.00 
98 	 100291.00 	 0.34 	 100291.00 	 0.30 	 100291 	 0.15	 111162 	 0.00 	 0.00 	 0.00 
99 	 84085.00 	 0.94 	 84057.50 	 0.28 	 84085 	 0.15	 94499 	 0.00 	 0.00 	 27.50 
100 	 89042.00 	 0.60 	 89040.67 	 0.19 	 89042 	 0.16	 99098 	 0.00 	 0.00 	 1.33 
