Instance 	 ip_model 	 	 lr_model 	 	 greedy 	 	 UB 	 
 	 objval 	 time 	 objval 	 time 	 objval 	 time 	 objval 	 time 
1 	 88917.00 	 0.22 	 88917.00 	 0.17 	 88917 	 0.16	 99206 	 0.00 	 0.00 	 0.00 
2 	 87146.00 	 0.77 	 87143.67 	 0.25 	 87146 	 0.15	 98028 	 0.00 	 0.00 	 2.33 
3 	 98326.00 	 0.30 	 98326.00 	 0.22 	 98326 	 0.15	 108987 	 0.00 	 0.00 	 0.00 
4 	 95132.00 	 0.32 	 95132.00 	 0.23 	 95132 	 0.16	 107965 	 0.00 	 0.00 	 0.00 
5 	 93638.00 	 0.25 	 93638.00 	 0.17 	 93638 	 0.15	 101600 	 0.00 	 0.00 	 0.00 
6 	 74730.00 	 0.85 	 74719.00 	 0.23 	 74730 	 0.16	 84067 	 0.00 	 0.00 	 11.00 
7 	 107911.00 	 0.64 	 107907.67 	 0.21 	 107911 	 0.15	 115742 	 0.00 	 0.00 	 3.33 
8 	 78982.00 	 0.34 	 78982.00 	 0.25 	 78982 	 0.15	 90223 	 0.00 	 0.00 	 0.00 
9 	 89806.00 	 0.30 	 89806.00 	 0.24 	 89806 	 0.16	 97650 	 0.00 	 0.00 	 0.00 
10 	 90558.00 	 0.33 	 90558.00 	 0.24 	 90558 	 0.16	 101930 	 0.00 	 0.00 	 0.00 
11 	 86771.00 	 0.31 	 86771.00 	 0.22 	 86771 	 0.15	 99981 	 0.00 	 0.00 	 0.00 
12 	 103870.00 	 0.29 	 103870.00 	 0.23 	 103870 	 0.16	 113677 	 0.00 	 0.00 	 0.00 
13 	 81700.00 	 0.31 	 81700.00 	 0.21 	 81700 	 0.15	 91097 	 0.00 	 0.00 	 0.00 
14 	 88968.00 	 0.72 	 88959.33 	 0.20 	 88968 	 0.15	 99511 	 0.00 	 0.00 	 8.67 
15 	 92210.00 	 0.78 	 92204.00 	 0.22 	 92210 	 0.16	 101650 	 0.00 	 0.00 	 6.00 
16 	 90775.00 	 0.87 	 90763.00 	 0.28 	 90776 	 0.15	 101132 	 0.00 	 1.00 	 12.00 
17 	 85215.00 	 0.74 	 85189.00 	 0.23 	 85222 	 0.20	 95676 	 0.00 	 7.00 	 26.00 
18 	 86134.00 	 0.30 	 86134.00 	 0.24 	 86134 	 0.15	 94445 	 0.00 	 0.00 	 0.00 
19 	 84387.00 	 0.30 	 84387.00 	 0.23 	 84387 	 0.16	 95921 	 0.00 	 0.00 	 0.00 
20 	 71040.00 	 0.30 	 71040.00 	 0.20 	 71040 	 0.15	 81510 	 0.00 	 0.00 	 -0.00 
21 	 83888.00 	 0.31 	 83888.00 	 0.21 	 83888 	 0.19	 94315 	 0.00 	 0.00 	 0.00 
22 	 88841.00 	 0.92 	 88807.00 	 0.28 	 88841 	 0.16	 103886 	 0.00 	 0.00 	 34.00 
23 	 88438.00 	 0.33 	 88438.00 	 0.26 	 88438 	 0.16	 104603 	 0.00 	 0.00 	 0.00 
24 	 90362.00 	 0.28 	 90362.00 	 0.21 	 90362 	 0.14	 100384 	 0.00 	 0.00 	 0.00 
25 	 91326.00 	 0.30 	 91326.00 	 0.25 	 91326 	 0.15	 101191 	 0.00 	 0.00 	 0.00 
26 	 84195.00 	 0.95 	 84181.80 	 0.19 	 84195 	 0.15	 95808 	 0.00 	 0.00 	 13.20 
27 	 96967.00 	 0.28 	 96967.00 	 0.21 	 96967 	 0.15	 107846 	 0.00 	 0.00 	 0.00 
28 	 82210.00 	 0.26 	 82210.00 	 0.19 	 82210 	 0.16	 89739 	 0.00 	 0.00 	 0.00 
29 	 84732.00 	 0.35 	 84732.00 	 0.25 	 84732 	 0.15	 95730 	 0.00 	 0.00 	 0.00 
30 	 95465.00 	 1.42 	 95453.50 	 0.22 	 95472 	 0.15	 105794 	 0.00 	 7.00 	 11.50 
31 	 87851.00 	 0.69 	 87842.00 	 0.22 	 87851 	 0.15	 98063 	 0.00 	 0.00 	 9.00 
32 	 81694.00 	 0.29 	 81694.00 	 0.20 	 81694 	 0.15	 94527 	 0.00 	 0.00 	 0.00 
33 	 87369.00 	 1.01 	 87359.50 	 0.31 	 87369 	 0.16	 99034 	 0.00 	 0.00 	 9.50 
34 	 90991.00 	 0.33 	 90991.00 	 0.24 	 90991 	 0.15	 103838 	 0.00 	 0.00 	 0.00 
35 	 101764.00 	 0.93 	 101764.00 	 0.26 	 101764 	 0.14	 112490 	 0.00 	 0.00 	 0.00 
36 	 77399.00 	 0.25 	 77399.00 	 0.20 	 77399 	 0.15	 84276 	 0.00 	 0.00 	 0.00 
37 	 96408.00 	 0.66 	 96406.50 	 0.18 	 96416 	 0.16	 107782 	 0.00 	 8.00 	 1.50 
38 	 83456.00 	 0.85 	 83440.50 	 0.19 	 83460 	 0.16	 94583 	 0.00 	 4.00 	 15.50 
39 	 73476.00 	 0.27 	 73476.00 	 0.20 	 73476 	 0.16	 85859 	 0.00 	 0.00 	 0.00 
40 	 87020.00 	 0.89 	 87009.00 	 0.27 	 87020 	 0.16	 97981 	 0.00 	 0.00 	 11.00 
41 	 85733.00 	 0.29 	 85733.00 	 0.21 	 85763 	 0.16	 96512 	 0.00 	 30.00 	 0.00 
42 	 98963.00 	 0.82 	 98946.00 	 0.27 	 98963 	 0.15	 109073 	 0.00 	 0.00 	 17.00 
43 	 89534.00 	 0.33 	 89534.00 	 0.24 	 89534 	 0.15	 104209 	 0.00 	 0.00 	 0.00 
44 	 96731.00 	 0.30 	 96731.00 	 0.21 	 96731 	 0.15	 104903 	 0.00 	 0.00 	 0.00 
45 	 93397.00 	 0.27 	 93397.00 	 0.20 	 93412 	 0.15	 101016 	 0.00 	 15.00 	 0.00 
46 	 95979.00 	 0.30 	 95979.00 	 0.21 	 95979 	 0.15	 107041 	 0.00 	 0.00 	 0.00 
47 	 87265.00 	 0.80 	 87264.67 	 0.23 	 87265 	 0.16	 99212 	 0.00 	 0.00 	 0.33 
48 	 88882.00 	 1.06 	 88872.00 	 0.28 	 88882 	 0.14	 99862 	 0.00 	 0.00 	 10.00 
49 	 80577.00 	 0.30 	 80577.00 	 0.22 	 80577 	 0.15	 93038 	 0.00 	 0.00 	 0.00 
50 	 80430.00 	 0.30 	 80430.00 	 0.21 	 80430 	 0.15	 92602 	 0.00 	 0.00 	 0.00 
51 	 90630.00 	 0.28 	 90630.00 	 0.18 	 90630 	 0.15	 100934 	 0.00 	 0.00 	 0.00 
52 	 90174.00 	 0.29 	 90174.00 	 0.23 	 90174 	 0.15	 100753 	 0.00 	 0.00 	 0.00 
53 	 91880.00 	 0.27 	 91880.00 	 0.23 	 91880 	 0.15	 99137 	 0.00 	 0.00 	 0.00 
54 	 99625.00 	 0.24 	 99625.00 	 0.17 	 99625 	 0.15	 109057 	 0.00 	 0.00 	 0.00 
55 	 104149.00 	 0.31 	 104149.00 	 0.23 	 104149 	 0.15	 115851 	 0.00 	 0.00 	 0.00 
56 	 95845.00 	 0.27 	 95845.00 	 0.19 	 95845 	 0.15	 104035 	 0.00 	 0.00 	 0.00 
57 	 89511.00 	 0.57 	 89507.67 	 0.20 	 89511 	 0.15	 100294 	 0.00 	 0.00 	 3.33 
58 	 91839.00 	 0.31 	 91839.00 	 0.25 	 91839 	 0.15	 103900 	 0.00 	 0.00 	 0.00 
59 	 88233.00 	 0.69 	 88230.50 	 0.21 	 88233 	 0.15	 101214 	 0.00 	 0.00 	 2.50 
60 	 83402.00 	 0.32 	 83402.00 	 0.22 	 83402 	 0.15	 95326 	 0.00 	 0.00 	 0.00 
61 	 93143.00 	 0.27 	 93143.00 	 0.20 	 93143 	 0.15	 103598 	 0.00 	 0.00 	 0.00 
62 	 91095.00 	 0.30 	 91095.00 	 0.22 	 91095 	 0.15	 101739 	 0.00 	 0.00 	 0.00 
63 	 89504.00 	 0.23 	 89504.00 	 0.18 	 89504 	 0.16	 98306 	 0.00 	 0.00 	 0.00 
64 	 99613.00 	 0.25 	 99613.00 	 0.20 	 99619 	 0.15	 109631 	 0.00 	 6.00 	 0.00 
65 	 102341.00 	 0.77 	 102317.00 	 0.30 	 102341 	 0.16	 115936 	 0.00 	 0.00 	 24.00 
66 	 82781.00 	 0.28 	 82781.00 	 0.22 	 82782 	 0.15	 93643 	 0.00 	 1.00 	 0.00 
67 	 74491.00 	 0.82 	 74481.00 	 0.23 	 74491 	 0.16	 86948 	 0.00 	 0.00 	 10.00 
68 	 81532.00 	 0.36 	 81532.00 	 0.26 	 81532 	 0.15	 92812 	 0.00 	 0.00 	 0.00 
69 	 81841.00 	 0.25 	 81841.00 	 0.18 	 81841 	 0.16	 91199 	 0.00 	 0.00 	 0.00 
70 	 83570.00 	 0.31 	 83570.00 	 0.22 	 83570 	 0.15	 95947 	 0.00 	 0.00 	 0.00 
71 	 83048.00 	 0.23 	 83048.00 	 0.16 	 83048 	 0.15	 92153 	 0.00 	 0.00 	 0.00 
72 	 93112.00 	 0.31 	 93112.00 	 0.21 	 93112 	 0.15	 104598 	 0.00 	 0.00 	 0.00 
73 	 87459.00 	 0.72 	 87455.33 	 0.20 	 87459 	 0.15	 97933 	 0.00 	 0.00 	 3.67 
74 	 81331.00 	 0.40 	 81331.00 	 0.29 	 81331 	 0.15	 92330 	 0.00 	 0.00 	 0.00 
75 	 95521.00 	 0.30 	 95521.00 	 0.24 	 95521 	 0.15	 104821 	 0.00 	 0.00 	 0.00 
76 	 89273.00 	 0.62 	 89268.00 	 0.18 	 89273 	 0.14	 99699 	 0.00 	 0.00 	 5.00 
77 	 87674.00 	 0.90 	 87653.00 	 0.29 	 87674 	 0.16	 100824 	 0.00 	 0.00 	 21.00 
78 	 87472.00 	 0.75 	 87471.00 	 0.23 	 87472 	 0.16	 98666 	 0.00 	 0.00 	 1.00 
79 	 88801.00 	 0.23 	 88801.00 	 0.16 	 88801 	 0.15	 100255 	 0.00 	 0.00 	 0.00 
80 	 93806.00 	 0.28 	 93806.00 	 0.19 	 93806 	 0.15	 105505 	 0.00 	 0.00 	 0.00 
81 	 87454.00 	 0.27 	 87454.00 	 0.20 	 87454 	 0.15	 98586 	 0.00 	 0.00 	 0.00 
82 	 100864.00 	 0.40 	 100864.00 	 0.26 	 100864 	 0.16	 110826 	 0.00 	 0.00 	 0.00 
83 	 102521.00 	 0.31 	 102521.00 	 0.24 	 102521 	 0.15	 112297 	 0.00 	 0.00 	 0.00 
84 	 86056.00 	 0.29 	 86056.00 	 0.21 	 86056 	 0.15	 92582 	 0.00 	 0.00 	 0.00 
85 	 80427.00 	 0.32 	 80427.00 	 0.23 	 80459 	 0.16	 90969 	 0.00 	 32.00 	 0.00 
86 	 101634.00 	 0.25 	 101634.00 	 0.16 	 101634 	 0.15	 109920 	 0.00 	 0.00 	 0.00 
87 	 105369.00 	 0.30 	 105369.00 	 0.24 	 105369 	 0.15	 117782 	 0.00 	 0.00 	 0.00 
88 	 94033.00 	 0.27 	 94033.00 	 0.20 	 94033 	 0.16	 102970 	 0.00 	 0.00 	 0.00 
89 	 85799.00 	 0.21 	 85799.00 	 0.15 	 85799 	 0.16	 96960 	 0.00 	 0.00 	 0.00 
90 	 90753.00 	 0.95 	 90748.67 	 0.25 	 90753 	 0.15	 104253 	 0.00 	 0.00 	 4.33 
91 	 88630.00 	 0.53 	 88625.00 	 0.19 	 88630 	 0.15	 100207 	 0.00 	 0.00 	 5.00 
92 	 91857.00 	 0.34 	 91857.00 	 0.27 	 91857 	 0.15	 101277 	 0.00 	 0.00 	 0.00 
93 	 101733.00 	 0.24 	 101733.00 	 0.19 	 101733 	 0.16	 114677 	 0.00 	 0.00 	 0.00 
94 	 88412.00 	 0.86 	 88396.00 	 0.25 	 88414 	 0.16	 100507 	 0.00 	 2.00 	 16.00 
95 	 85664.00 	 0.29 	 85664.00 	 0.22 	 85688 	 0.15	 98396 	 0.00 	 24.00 	 0.00 
96 	 77334.00 	 0.26 	 77334.00 	 0.17 	 77334 	 0.15	 86552 	 0.00 	 0.00 	 0.00 
97 	 94050.00 	 0.66 	 94045.50 	 0.26 	 94050 	 0.18	 105811 	 0.00 	 0.00 	 4.50 
98 	 100440.00 	 0.36 	 100440.00 	 0.29 	 100440 	 0.16	 111162 	 0.00 	 0.00 	 0.00 
99 	 84281.00 	 0.32 	 84281.00 	 0.22 	 84281 	 0.15	 94499 	 0.00 	 0.00 	 0.00 
100 	 89135.00 	 0.63 	 89131.33 	 0.15 	 89135 	 0.15	 99098 	 0.00 	 0.00 	 3.67 
