Instance 	 ip_model 	 	 lr_model 	 	 greedy 	 	 UB 	 
 	 objval 	 time 	 objval 	 time 	 objval 	 time 	 objval 	 time 
1 	 91496.00 	 1.65 	 91434.50 	 0.62 	 91769 	 0.35	 99206 	 0.00 	 273.00 	 61.50 
2 	 90770.00 	 2.49 	 90562.00 	 0.63 	 90950 	 0.20	 98028 	 0.00 	 180.00 	 208.00 
3 	 101707.00 	 2.12 	 101581.50 	 0.55 	 101735 	 0.21	 108987 	 0.00 	 28.00 	 125.50 
4 	 99529.00 	 10.23 	 99283.00 	 0.41 	 99595 	 0.21	 107965 	 0.00 	 66.00 	 246.00 
5 	 96450.00 	 1.20 	 96443.00 	 0.45 	 96485 	 0.21	 101600 	 0.00 	 35.00 	 7.00 
6 	 77885.00 	 3.03 	 77712.00 	 0.78 	 77885 	 0.21	 84067 	 0.00 	 0.00 	 173.00 
7 	 110461.00 	 1.07 	 110450.50 	 0.45 	 110461 	 0.21	 115742 	 0.00 	 0.00 	 10.50 
8 	 82723.00 	 2.81 	 82510.50 	 0.54 	 82800 	 0.21	 90223 	 0.00 	 77.00 	 212.50 
9 	 92426.00 	 1.29 	 92386.00 	 0.45 	 92426 	 0.20	 97650 	 0.00 	 0.00 	 40.00 
10 	 94390.00 	 3.12 	 94178.00 	 0.43 	 94441 	 0.21	 101930 	 0.00 	 51.00 	 212.00 
11 	 91226.00 	 2.89 	 90985.50 	 0.44 	 91384 	 0.20	 99981 	 0.00 	 158.00 	 240.50 
12 	 107105.00 	 1.34 	 107058.50 	 0.32 	 107105 	 0.17	 113677 	 0.00 	 0.00 	 46.50 
13 	 84933.00 	 1.41 	 84909.50 	 0.41 	 84933 	 0.18	 91097 	 0.00 	 0.00 	 23.50 
14 	 92079.00 	 1.40 	 92041.50 	 0.38 	 92384 	 0.19	 99511 	 0.00 	 305.00 	 37.50 
15 	 94931.00 	 2.76 	 94815.00 	 0.54 	 95032 	 0.19	 101650 	 0.00 	 101.00 	 116.00 
16 	 94527.00 	 1.15 	 94490.75 	 0.39 	 94527 	 0.19	 101132 	 0.00 	 0.00 	 36.25 
17 	 89042.00 	 4.31 	 88871.50 	 0.58 	 89141 	 0.19	 95676 	 0.00 	 99.00 	 170.50 
18 	 88972.00 	 0.43 	 88972.00 	 0.48 	 89013 	 0.20	 94445 	 0.00 	 41.00 	 0.00 
19 	 88072.00 	 9.15 	 87776.00 	 0.54 	 88072 	 0.19	 95921 	 0.00 	 0.00 	 296.00 
20 	 73970.00 	 0.37 	 73970.00 	 0.39 	 73970 	 0.19	 81510 	 0.00 	 0.00 	 0.00 
21 	 86810.00 	 3.94 	 86629.50 	 0.37 	 86831 	 0.19	 94315 	 0.00 	 21.00 	 180.50 
22 	 94292.00 	 64.76 	 93760.00 	 0.46 	 94405 	 0.18	 103886 	 0.00 	 113.00 	 532.00 
23 	 95274.00 	 30.64 	 94797.50 	 0.54 	 95404 	 0.19	 104603 	 0.00 	 130.00 	 476.50 
24 	 94295.00 	 2.11 	 94122.00 	 0.43 	 94295 	 0.19	 100384 	 0.00 	 0.00 	 173.00 
25 	 94634.00 	 2.76 	 94535.00 	 0.37 	 94670 	 0.19	 101191 	 0.00 	 36.00 	 99.00 
26 	 88113.00 	 2.13 	 87939.50 	 0.47 	 88113 	 0.20	 95808 	 0.00 	 0.00 	 173.50 
27 	 100394.00 	 7.50 	 100126.50 	 0.46 	 100394 	 0.19	 107846 	 0.00 	 0.00 	 267.50 
28 	 84836.00 	 0.29 	 84836.00 	 0.36 	 84836 	 0.19	 89739 	 0.00 	 0.00 	 0.00 
29 	 88699.00 	 3.98 	 88443.00 	 0.43 	 88803 	 0.19	 95730 	 0.00 	 104.00 	 256.00 
30 	 99372.00 	 3.12 	 99241.50 	 0.44 	 99372 	 0.19	 105794 	 0.00 	 0.00 	 130.50 
31 	 90996.00 	 5.54 	 90767.00 	 0.45 	 90996 	 0.20	 98063 	 0.00 	 0.00 	 229.00 
32 	 86049.00 	 11.98 	 85714.00 	 0.70 	 86068 	 0.20	 94527 	 0.00 	 19.00 	 335.00 
33 	 91161.00 	 4.37 	 91014.50 	 0.48 	 91161 	 0.20	 99034 	 0.00 	 0.00 	 146.50 
34 	 95091.00 	 27.30 	 94726.00 	 0.47 	 95132 	 0.18	 103838 	 0.00 	 41.00 	 365.00 
35 	 105441.00 	 4.42 	 105231.50 	 0.62 	 105543 	 0.19	 112490 	 0.00 	 102.00 	 209.50 
36 	 79785.00 	 0.64 	 79785.00 	 0.51 	 79785 	 0.30	 84276 	 0.00 	 0.00 	 0.00 
37 	 100182.00 	 4.63 	 99944.00 	 0.38 	 100182 	 0.17	 107782 	 0.00 	 0.00 	 238.00 
38 	 87335.00 	 1.73 	 87029.50 	 0.49 	 87335 	 0.17	 94583 	 0.00 	 0.00 	 305.50 
39 	 77791.00 	 4.72 	 77470.50 	 0.37 	 77791 	 0.17	 85859 	 0.00 	 0.00 	 320.50 
40 	 90866.00 	 1.42 	 90789.50 	 0.53 	 90866 	 0.17	 97981 	 0.00 	 0.00 	 76.50 
41 	 89557.00 	 2.24 	 89325.50 	 0.43 	 89650 	 0.18	 96512 	 0.00 	 93.00 	 231.50 
42 	 102260.00 	 4.16 	 102160.00 	 0.41 	 102397 	 0.18	 109073 	 0.00 	 137.00 	 100.00 
43 	 94595.00 	 3.45 	 94288.00 	 0.39 	 94634 	 0.17	 104209 	 0.00 	 39.00 	 307.00 
44 	 99529.00 	 1.02 	 99526.00 	 0.55 	 99529 	 0.20	 104903 	 0.00 	 0.00 	 3.00 
45 	 95592.00 	 0.45 	 95592.00 	 0.49 	 95592 	 0.17	 101016 	 0.00 	 0.00 	 0.00 
46 	 99735.00 	 1.36 	 99673.00 	 0.36 	 99735 	 0.19	 107041 	 0.00 	 0.00 	 62.00 
47 	 91086.00 	 4.45 	 90879.50 	 0.40 	 91200 	 0.20	 99212 	 0.00 	 114.00 	 206.50 
48 	 92862.00 	 2.36 	 92612.00 	 0.50 	 92894 	 0.21	 99862 	 0.00 	 32.00 	 250.00 
49 	 85353.00 	 2.43 	 85116.50 	 0.53 	 85485 	 0.21	 93038 	 0.00 	 132.00 	 236.50 
50 	 84810.00 	 4.48 	 84582.00 	 0.53 	 84810 	 0.21	 92602 	 0.00 	 0.00 	 228.00 
51 	 94019.00 	 2.11 	 93944.67 	 0.48 	 94037 	 0.21	 100934 	 0.00 	 18.00 	 74.33 
52 	 93977.00 	 1.27 	 93950.50 	 0.61 	 93986 	 0.20	 100753 	 0.00 	 9.00 	 26.50 
53 	 94163.00 	 1.75 	 94092.00 	 0.56 	 94163 	 0.20	 99137 	 0.00 	 0.00 	 71.00 
54 	 102885.00 	 1.37 	 102769.00 	 0.49 	 102885 	 0.21	 109057 	 0.00 	 0.00 	 116.00 
55 	 108509.00 	 1.13 	 108386.00 	 0.53 	 108509 	 0.21	 115851 	 0.00 	 0.00 	 123.00 
56 	 98481.00 	 1.41 	 98405.00 	 0.62 	 98552 	 0.21	 104035 	 0.00 	 71.00 	 76.00 
57 	 92798.00 	 1.53 	 92635.50 	 0.45 	 92798 	 0.21	 100294 	 0.00 	 0.00 	 162.50 
58 	 96706.00 	 4.62 	 96463.50 	 0.41 	 96740 	 0.20	 103900 	 0.00 	 34.00 	 242.50 
59 	 92420.00 	 3.00 	 92097.50 	 0.53 	 92505 	 0.21	 101214 	 0.00 	 85.00 	 322.50 
60 	 87500.00 	 5.06 	 87164.50 	 0.51 	 87500 	 0.21	 95326 	 0.00 	 0.00 	 335.50 
61 	 95862.00 	 2.85 	 95603.50 	 0.75 	 95862 	 0.22	 103598 	 0.00 	 0.00 	 258.50 
62 	 94112.00 	 1.52 	 94098.67 	 0.46 	 94112 	 0.21	 101739 	 0.00 	 0.00 	 13.33 
63 	 92109.00 	 1.45 	 92062.00 	 0.43 	 92228 	 0.21	 98306 	 0.00 	 119.00 	 47.00 
64 	 102893.00 	 4.76 	 102613.50 	 0.63 	 102893 	 0.21	 109631 	 0.00 	 0.00 	 279.50 
65 	 107440.00 	 28.14 	 106979.50 	 0.55 	 107464 	 0.21	 115936 	 0.00 	 24.00 	 460.50 
66 	 86613.00 	 30.69 	 86395.50 	 0.49 	 86737 	 0.21	 93643 	 0.00 	 124.00 	 217.50 
67 	 79084.00 	 2.74 	 78819.50 	 0.53 	 79222 	 0.20	 86948 	 0.00 	 138.00 	 264.50 
68 	 85135.00 	 1.77 	 84986.00 	 0.59 	 85135 	 0.21	 92812 	 0.00 	 0.00 	 149.00 
69 	 85005.00 	 1.64 	 84886.50 	 0.48 	 85005 	 0.21	 91199 	 0.00 	 0.00 	 118.50 
70 	 87678.00 	 2.19 	 87501.50 	 0.50 	 87678 	 0.21	 95947 	 0.00 	 0.00 	 176.50 
71 	 85707.00 	 1.08 	 85687.00 	 0.39 	 85792 	 0.21	 92153 	 0.00 	 85.00 	 20.00 
72 	 97187.00 	 0.88 	 97150.00 	 0.50 	 97187 	 0.21	 104598 	 0.00 	 0.00 	 37.00 
73 	 90171.00 	 2.61 	 89920.50 	 0.53 	 90171 	 0.21	 97933 	 0.00 	 0.00 	 250.50 
74 	 84964.00 	 4.95 	 84722.00 	 0.45 	 84964 	 0.21	 92330 	 0.00 	 0.00 	 242.00 
75 	 98887.00 	 10.36 	 98755.50 	 0.52 	 98887 	 0.21	 104821 	 0.00 	 0.00 	 131.50 
76 	 92431.00 	 1.55 	 92312.50 	 0.53 	 92431 	 0.20	 99699 	 0.00 	 0.00 	 118.50 
77 	 92402.00 	 2.95 	 92177.50 	 0.66 	 92402 	 0.20	 100824 	 0.00 	 0.00 	 224.50 
78 	 91198.00 	 4.28 	 91032.00 	 0.50 	 91198 	 0.20	 98666 	 0.00 	 0.00 	 166.00 
79 	 92173.00 	 3.76 	 91884.50 	 0.55 	 92221 	 0.21	 100255 	 0.00 	 48.00 	 288.50 
80 	 98012.00 	 1.70 	 97815.50 	 0.63 	 98012 	 0.22	 105505 	 0.00 	 0.00 	 196.50 
81 	 91476.00 	 2.45 	 91232.50 	 0.59 	 91519 	 0.21	 98586 	 0.00 	 43.00 	 243.50 
82 	 104551.00 	 0.40 	 104551.00 	 0.32 	 104551 	 0.21	 110826 	 0.00 	 0.00 	 0.00 
83 	 106138.00 	 3.95 	 105983.00 	 0.41 	 106173 	 0.21	 112297 	 0.00 	 35.00 	 155.00 
84 	 88308.00 	 1.14 	 88291.25 	 0.62 	 88308 	 0.21	 92582 	 0.00 	 0.00 	 16.75 
85 	 84054.00 	 4.44 	 83899.00 	 0.52 	 84122 	 0.21	 90969 	 0.00 	 68.00 	 155.00 
86 	 103868.00 	 0.41 	 103868.00 	 0.43 	 103868 	 0.20	 109920 	 0.00 	 0.00 	 0.00 
87 	 110627.00 	 6.65 	 110401.00 	 0.42 	 110627 	 0.21	 117782 	 0.00 	 0.00 	 226.00 
88 	 96978.00 	 1.19 	 96919.50 	 0.45 	 97051 	 0.21	 102970 	 0.00 	 73.00 	 58.50 
89 	 89080.00 	 8.29 	 88677.00 	 0.49 	 89109 	 0.20	 96960 	 0.00 	 29.00 	 403.00 
90 	 95819.00 	 3.05 	 95619.00 	 0.45 	 95819 	 0.20	 104253 	 0.00 	 0.00 	 200.00 
91 	 92301.00 	 2.32 	 92076.00 	 0.65 	 92301 	 0.20	 100207 	 0.00 	 0.00 	 225.00 
92 	 95365.00 	 1.53 	 95241.50 	 0.65 	 95365 	 0.24	 101277 	 0.00 	 0.00 	 123.50 
93 	 105957.00 	 8.84 	 105581.00 	 0.51 	 105957 	 0.21	 114677 	 0.00 	 0.00 	 376.00 
94 	 92672.00 	 23.69 	 92391.00 	 0.43 	 92717 	 0.21	 100507 	 0.00 	 45.00 	 281.00 
95 	 90038.00 	 92.44 	 89519.50 	 0.66 	 90101 	 0.21	 98396 	 0.00 	 63.00 	 518.50 
96 	 80360.00 	 0.97 	 80354.67 	 0.57 	 80372 	 0.21	 86552 	 0.00 	 12.00 	 5.33 
97 	 98310.00 	 6.82 	 98010.50 	 0.54 	 98351 	 0.21	 105811 	 0.00 	 41.00 	 299.50 
98 	 103613.00 	 3.15 	 103378.00 	 0.64 	 103644 	 0.21	 111162 	 0.00 	 31.00 	 235.00 
99 	 88424.00 	 2.01 	 88299.00 	 0.59 	 88424 	 0.20	 94499 	 0.00 	 0.00 	 125.00 
100 	 91889.00 	 2.39 	 91677.00 	 0.48 	 92037 	 0.20	 99098 	 0.00 	 148.00 	 212.00 
