Instance 	 ip_model 	 	 lr_model 	 	 greedy 	 	 UB 	 
 	 objval 	 time 	 objval 	 time 	 objval 	 time 	 objval 	 time 
1 	 88013.00 	 0.49 	 88011.50 	 0.38 	 88013 	 0.10	 99206 	 0.00 	 0.00 	 1.50 
2 	 85444.00 	 0.24 	 85444.00 	 0.32 	 85444 	 0.11	 98028 	 0.00 	 0.00 	 0.00 
3 	 97107.00 	 0.37 	 97107.00 	 0.48 	 97107 	 0.10	 108987 	 0.00 	 0.00 	 0.00 
4 	 93348.00 	 0.70 	 93347.00 	 0.37 	 93348 	 0.11	 107965 	 0.00 	 0.00 	 1.00 
5 	 92855.00 	 0.64 	 92851.67 	 0.32 	 92855 	 0.10	 101600 	 0.00 	 0.00 	 3.33 
6 	 73224.00 	 0.34 	 73224.00 	 0.33 	 73224 	 0.11	 84067 	 0.00 	 0.00 	 0.00 
7 	 106745.00 	 0.31 	 106745.00 	 0.33 	 106745 	 0.10	 115742 	 0.00 	 0.00 	 0.00 
8 	 77570.00 	 0.31 	 77570.00 	 0.32 	 77570 	 0.10	 90223 	 0.00 	 0.00 	 0.00 
9 	 88631.00 	 0.35 	 88631.00 	 0.34 	 88631 	 0.11	 97650 	 0.00 	 0.00 	 0.00 
10 	 89076.00 	 0.33 	 89076.00 	 0.37 	 89076 	 0.10	 101930 	 0.00 	 0.00 	 0.00 
11 	 85261.00 	 0.30 	 85261.00 	 0.34 	 85261 	 0.11	 99981 	 0.00 	 0.00 	 0.00 
12 	 102305.00 	 0.60 	 102303.50 	 0.32 	 102305 	 0.10	 113677 	 0.00 	 0.00 	 1.50 
13 	 79713.00 	 0.23 	 79713.00 	 0.33 	 79713 	 0.10	 91097 	 0.00 	 0.00 	 0.00 
14 	 87840.00 	 0.29 	 87840.00 	 0.35 	 87840 	 0.10	 99511 	 0.00 	 0.00 	 0.00 
15 	 91196.00 	 0.61 	 91192.50 	 0.36 	 91196 	 0.10	 101650 	 0.00 	 0.00 	 3.50 
16 	 88819.00 	 0.35 	 88819.00 	 0.37 	 88819 	 0.10	 101132 	 0.00 	 0.00 	 0.00 
17 	 84105.00 	 0.20 	 84105.00 	 0.31 	 84105 	 0.10	 95676 	 0.00 	 0.00 	 0.00 
18 	 84620.00 	 0.33 	 84620.00 	 0.40 	 84620 	 0.10	 94445 	 0.00 	 0.00 	 0.00 
19 	 83197.00 	 0.29 	 83197.00 	 0.36 	 83197 	 0.10	 95921 	 0.00 	 0.00 	 0.00 
20 	 69758.00 	 0.32 	 69758.00 	 0.28 	 69758 	 0.10	 81510 	 0.00 	 0.00 	 0.00 
21 	 82645.00 	 0.35 	 82645.00 	 0.37 	 82645 	 0.10	 94315 	 0.00 	 0.00 	 0.00 
22 	 87465.00 	 0.29 	 87465.00 	 0.29 	 87465 	 0.10	 103886 	 0.00 	 0.00 	 0.00 
23 	 85423.00 	 0.25 	 85423.00 	 0.37 	 85423 	 0.10	 104603 	 0.00 	 0.00 	 0.00 
24 	 88891.00 	 0.32 	 88891.00 	 0.31 	 88891 	 0.09	 100384 	 0.00 	 0.00 	 0.00 
25 	 89963.00 	 0.25 	 89963.00 	 0.29 	 89967 	 0.10	 101191 	 0.00 	 4.00 	 0.00 
26 	 82403.00 	 0.30 	 82403.00 	 0.33 	 82403 	 0.10	 95808 	 0.00 	 0.00 	 0.00 
27 	 95627.00 	 0.28 	 95627.00 	 0.32 	 95627 	 0.09	 107846 	 0.00 	 0.00 	 0.00 
28 	 81010.00 	 0.28 	 81010.00 	 0.40 	 81010 	 0.10	 89739 	 0.00 	 0.00 	 0.00 
29 	 83339.00 	 0.26 	 83339.00 	 0.36 	 83339 	 0.09	 95730 	 0.00 	 0.00 	 0.00 
30 	 92829.00 	 0.35 	 92829.00 	 0.39 	 92829 	 0.09	 105794 	 0.00 	 0.00 	 0.00 
31 	 86797.00 	 0.30 	 86797.00 	 0.28 	 86797 	 0.10	 98063 	 0.00 	 0.00 	 0.00 
32 	 79911.00 	 0.28 	 79911.00 	 0.43 	 79911 	 0.10	 94527 	 0.00 	 0.00 	 0.00 
33 	 85589.00 	 0.60 	 85588.67 	 0.37 	 85589 	 0.10	 99034 	 0.00 	 0.00 	 0.33 
34 	 89703.00 	 0.22 	 89703.00 	 0.27 	 89703 	 0.10	 103838 	 0.00 	 0.00 	 0.00 
35 	 100442.00 	 0.23 	 100442.00 	 0.39 	 100442 	 0.10	 112490 	 0.00 	 0.00 	 0.00 
36 	 76089.00 	 0.29 	 76089.00 	 0.31 	 76089 	 0.11	 84276 	 0.00 	 0.00 	 0.00 
37 	 94473.00 	 0.33 	 94473.00 	 0.32 	 94473 	 0.10	 107782 	 0.00 	 0.00 	 0.00 
38 	 81661.00 	 0.60 	 81660.50 	 0.38 	 81661 	 0.10	 94583 	 0.00 	 0.00 	 0.50 
39 	 71255.00 	 0.26 	 71255.00 	 0.36 	 71255 	 0.10	 85859 	 0.00 	 0.00 	 0.00 
40 	 85289.00 	 0.35 	 85288.50 	 0.37 	 85289 	 0.09	 97981 	 0.00 	 0.00 	 0.50 
41 	 84432.00 	 0.27 	 84432.00 	 0.39 	 84432 	 0.09	 96512 	 0.00 	 0.00 	 0.00 
42 	 97013.00 	 0.24 	 97013.00 	 0.41 	 97013 	 0.10	 109073 	 0.00 	 0.00 	 0.00 
43 	 87572.00 	 0.24 	 87572.00 	 0.23 	 87572 	 0.09	 104209 	 0.00 	 0.00 	 0.00 
44 	 95484.00 	 0.27 	 95484.00 	 0.29 	 95484 	 0.10	 104903 	 0.00 	 0.00 	 0.00 
45 	 91987.00 	 0.22 	 91987.00 	 0.39 	 91987 	 0.10	 101016 	 0.00 	 0.00 	 0.00 
46 	 94350.00 	 0.25 	 94350.00 	 0.31 	 94350 	 0.09	 107041 	 0.00 	 0.00 	 0.00 
47 	 85341.00 	 0.30 	 85341.00 	 0.30 	 85341 	 0.09	 99212 	 0.00 	 0.00 	 0.00 
48 	 87261.00 	 0.29 	 87261.00 	 0.29 	 87261 	 0.11	 99862 	 0.00 	 0.00 	 0.00 
49 	 78412.00 	 0.56 	 78409.50 	 0.35 	 78412 	 0.10	 93038 	 0.00 	 0.00 	 2.50 
50 	 78816.00 	 0.29 	 78816.00 	 0.36 	 78816 	 0.10	 92602 	 0.00 	 0.00 	 0.00 
51 	 89090.00 	 0.26 	 89090.00 	 0.29 	 89090 	 0.10	 100934 	 0.00 	 0.00 	 0.00 
52 	 88233.00 	 0.32 	 88233.00 	 0.31 	 88233 	 0.10	 100753 	 0.00 	 0.00 	 0.00 
53 	 90985.00 	 0.28 	 90985.00 	 0.34 	 90985 	 0.10	 99137 	 0.00 	 0.00 	 0.00 
54 	 98033.00 	 0.30 	 98033.00 	 0.33 	 98033 	 0.10	 109057 	 0.00 	 0.00 	 0.00 
55 	 101819.00 	 0.34 	 101819.00 	 0.33 	 101819 	 0.10	 115851 	 0.00 	 0.00 	 0.00 
56 	 94827.00 	 0.31 	 94827.00 	 0.29 	 94827 	 0.10	 104035 	 0.00 	 0.00 	 0.00 
57 	 88255.00 	 0.26 	 88255.00 	 0.37 	 88255 	 0.09	 100294 	 0.00 	 0.00 	 0.00 
58 	 90116.00 	 0.21 	 90116.00 	 0.30 	 90116 	 0.11	 103900 	 0.00 	 0.00 	 0.00 
59 	 86756.00 	 0.30 	 86756.00 	 0.40 	 86756 	 0.10	 101214 	 0.00 	 0.00 	 0.00 
60 	 82134.00 	 0.29 	 82134.00 	 0.31 	 82134 	 0.11	 95326 	 0.00 	 0.00 	 0.00 
61 	 92566.00 	 0.33 	 92566.00 	 0.38 	 92566 	 0.10	 103598 	 0.00 	 0.00 	 0.00 
62 	 89480.00 	 0.29 	 89480.00 	 0.38 	 89480 	 0.10	 101739 	 0.00 	 0.00 	 0.00 
63 	 88320.00 	 0.37 	 88320.00 	 0.36 	 88320 	 0.10	 98306 	 0.00 	 0.00 	 0.00 
64 	 98765.00 	 0.30 	 98765.00 	 0.32 	 98765 	 0.10	 109631 	 0.00 	 0.00 	 0.00 
65 	 100762.00 	 0.21 	 100762.00 	 0.29 	 100762 	 0.10	 115936 	 0.00 	 0.00 	 0.00 
66 	 81096.00 	 0.25 	 81096.00 	 0.31 	 81096 	 0.10	 93643 	 0.00 	 0.00 	 0.00 
67 	 72701.00 	 0.27 	 72701.00 	 0.34 	 72701 	 0.10	 86948 	 0.00 	 0.00 	 0.00 
68 	 80373.00 	 0.32 	 80373.00 	 0.32 	 80373 	 0.10	 92812 	 0.00 	 0.00 	 0.00 
69 	 79880.00 	 0.52 	 79880.00 	 0.32 	 79882 	 0.10	 91199 	 0.00 	 2.00 	 0.00 
70 	 81906.00 	 0.36 	 81906.00 	 0.29 	 81906 	 0.10	 95947 	 0.00 	 0.00 	 0.00 
71 	 82038.00 	 0.51 	 82037.00 	 0.32 	 82039 	 0.09	 92153 	 0.00 	 1.00 	 1.00 
72 	 91130.00 	 0.33 	 91130.00 	 0.33 	 91130 	 0.09	 104598 	 0.00 	 0.00 	 0.00 
73 	 86629.00 	 0.26 	 86629.00 	 0.31 	 86629 	 0.09	 97933 	 0.00 	 0.00 	 0.00 
74 	 80260.00 	 0.34 	 80259.33 	 0.26 	 80261 	 0.10	 92330 	 0.00 	 1.00 	 0.67 
75 	 94459.00 	 0.28 	 94459.00 	 0.34 	 94459 	 0.11	 104821 	 0.00 	 0.00 	 0.00 
76 	 87952.00 	 0.31 	 87952.00 	 0.41 	 87952 	 0.10	 99699 	 0.00 	 0.00 	 0.00 
77 	 85605.00 	 0.40 	 85605.00 	 0.48 	 85605 	 0.10	 100824 	 0.00 	 0.00 	 0.00 
78 	 85458.00 	 0.36 	 85458.00 	 0.35 	 85458 	 0.10	 98666 	 0.00 	 0.00 	 0.00 
79 	 87676.00 	 0.23 	 87676.00 	 0.30 	 87676 	 0.10	 100255 	 0.00 	 0.00 	 0.00 
80 	 91849.00 	 0.25 	 91849.00 	 0.33 	 91849 	 0.10	 105505 	 0.00 	 0.00 	 0.00 
81 	 85915.00 	 0.56 	 85912.00 	 0.34 	 85915 	 0.10	 98586 	 0.00 	 0.00 	 3.00 
82 	 99055.00 	 0.69 	 99052.50 	 0.32 	 99055 	 0.10	 110826 	 0.00 	 0.00 	 2.50 
83 	 100946.00 	 0.26 	 100946.00 	 0.33 	 100946 	 0.09	 112297 	 0.00 	 0.00 	 0.00 
84 	 85279.00 	 0.34 	 85278.67 	 0.32 	 85280 	 0.10	 92582 	 0.00 	 1.00 	 0.33 
85 	 78919.00 	 0.26 	 78919.00 	 0.29 	 78919 	 0.09	 90969 	 0.00 	 0.00 	 0.00 
86 	 100757.00 	 0.26 	 100757.00 	 0.34 	 100757 	 0.10	 109920 	 0.00 	 0.00 	 0.00 
87 	 102828.00 	 0.32 	 102828.00 	 0.32 	 102828 	 0.10	 117782 	 0.00 	 0.00 	 0.00 
88 	 92214.00 	 0.35 	 92214.00 	 0.40 	 92214 	 0.10	 102970 	 0.00 	 0.00 	 0.00 
89 	 85001.00 	 0.25 	 85001.00 	 0.33 	 85001 	 0.10	 96960 	 0.00 	 0.00 	 0.00 
90 	 88690.00 	 0.36 	 88690.00 	 0.33 	 88690 	 0.10	 104253 	 0.00 	 0.00 	 0.00 
91 	 87022.00 	 0.33 	 87022.00 	 0.29 	 87022 	 0.09	 100207 	 0.00 	 0.00 	 0.00 
92 	 90252.00 	 0.62 	 90248.50 	 0.36 	 90252 	 0.10	 101277 	 0.00 	 0.00 	 3.50 
93 	 100693.00 	 0.33 	 100693.00 	 0.30 	 100693 	 0.10	 114677 	 0.00 	 0.00 	 0.00 
94 	 86782.00 	 0.27 	 86782.00 	 0.34 	 86794 	 0.10	 100507 	 0.00 	 12.00 	 0.00 
95 	 84242.00 	 0.54 	 84239.00 	 0.40 	 84243 	 0.10	 98396 	 0.00 	 1.00 	 3.00 
96 	 75944.00 	 0.32 	 75944.00 	 0.36 	 75944 	 0.10	 86552 	 0.00 	 0.00 	 0.00 
97 	 92122.00 	 0.26 	 92122.00 	 0.37 	 92122 	 0.10	 105811 	 0.00 	 0.00 	 0.00 
98 	 99659.00 	 0.51 	 99658.00 	 0.45 	 99659 	 0.10	 111162 	 0.00 	 0.00 	 1.00 
99 	 82513.00 	 0.28 	 82513.00 	 0.30 	 82513 	 0.10	 94499 	 0.00 	 0.00 	 0.00 
100 	 88327.00 	 0.25 	 88327.00 	 0.33 	 88329 	 0.10	 99098 	 0.00 	 2.00 	 0.00 
